--------------------------------------------------------------------------
Reading: ./data/bupa_set.dat
--------------------------------------------------------------------------

--------------------------------------------------------------------------
Reading: ./data/bupa_set_const_10.const ,./data/bupa_set_const_20.const
--------------------------------------------------------------------------


SEMILLA 1						Time 	FitFunc 	Infeas 	Desviacion
./data/bupa_set_CONST_10. Problema COPKM (seed 1):	257ms	0.261028	30	0.252988

Fin del algoritmo Greedy en 11 iteraciones
./data/bupa_set_CONST_20. Problema COPKM (seed 1):	284ms	0.266181	65	0.257117

Fin del algoritmo Greedy en 12 iteraciones
./data/bupa_set_CONST_10. Problema BL (seed 1):   	9072ms	0.137408	114	0.106857	IteracionesBL: 71126

Fin del algoritmo Búsqueda Local en 71126 iteraciones
./data/bupa_set_CONST_20. Problema BL (seed 1):   	8016ms	0.145564	246	0.111261	IteracionesBL: 57669

Fin del algoritmo Búsqueda Local en 57669 iteraciones
./data/bupa_set_CONST_10. Problema AGEUN (seed 1):   	7363ms	0.339299	692	0.153851
./data/bupa_set_CONST_20. Problema AGEUN (seed 1):   	9039ms	0.279445	957	0.146
./data/bupa_set_CONST_10. Problema AGESF (seed 1):   	6861ms	0.300967	510	0.164293
./data/bupa_set_CONST_20. Problema AGESF (seed 1):   	8776ms	0.326841	1266	0.150308
./data/bupa_set_CONST_10. Problema AGGUN (seed 1):   	7430ms	0.336874	605	0.174741
./data/bupa_set_CONST_20. Problema AGGUN (seed 1):   	9049ms	0.271588	854	0.152505
./data/bupa_set_CONST_10. Problema AGGSF (seed 1):   	6889ms	0.329011	669	0.149727

EVOLUCIÓN AGGSF
AGGSF=[0.571528, 0.539191, 0.537546, 0.537546, 0.534355, 0.534355, 0.534355, 0.534355, 0.534355, 0.534355, 0.534355, 0.533706, 0.532871, 0.532622, 0.532277, 0.531445, 0.5299, 0.5299, 0.5299, 0.528203, 0.52694, 0.52694, 0.52694, 0.52694, 0.526912, 0.526069, 0.525459, 0.525285, 0.52492, 0.52492, 0.524244, 0.524244, 0.523647, 0.523036, 0.523036, 0.522156, 0.522, 0.521671, 0.521025, 0.521025, 0.520515, 0.520515, 0.520515, 0.52002, 0.519837, 0.519268, 0.519268, 0.518893, 0.51884, 0.518387, 0.51808, 0.517954, 0.517954, 0.517159, 0.516798, 0.516798, 0.516277, 0.516277, 0.516182, 0.516033, 0.516033, 0.516033, 0.515788, 0.515488, 0.515421, 0.515421, 0.515207, 0.514439, 0.514082, 0.513405, 0.513405, 0.513405, 0.513405, 0.51304, 0.512842, 0.512685, 0.512102, 0.512036, 0.512036, 0.511619, 0.510434, 0.510434, 0.510434, 0.509656, 0.509656, 0.509518, 0.509518, 0.509518, 0.509518, 0.509115, 0.509115, 0.508904, 0.50828, 0.508225, 0.507194, 0.507194, 0.507194, 0.506885, 0.506786, 0.506786, 0.50623, 0.50613, 0.505856, 0.505757, 0.505757, 0.505757, 0.504971, 0.504953, 0.504872, 0.504454, 0.504454, 0.504104, 0.503825, 0.503825, 0.503825, 0.503731, 0.502893, 0.502893, 0.502893, 0.502857, 0.502559, 0.501627, 0.501627, 0.501627, 0.501559, 0.501212, 0.500978, 0.500978, 0.500978, 0.500878, 0.5008, 0.5008, 0.500584, 0.500466, 0.500256, 0.500256, 0.500256, 0.500053, 0.500053, 0.50003, 0.499641, 0.499522, 0.499165, 0.499077, 0.499077, 0.498845, 0.498151, 0.498151, 0.498151, 0.498151, 0.49789, 0.497658, 0.497616, 0.497376, 0.497376, 0.497114, 0.497071, 0.496545, 0.496545, 0.496356, 0.496257, 0.49582, 0.49582, 0.494962, 0.494962, 0.494962, 0.494627, 0.494495, 0.494331, 0.494196, 0.494, 0.493992, 0.493569, 0.493569, 0.493182, 0.492921, 0.492737, 0.492409, 0.492409, 0.492409, 0.492224, 0.492224, 0.491827, 0.491722, 0.491722, 0.491722, 0.491325, 0.491325, 0.490917, 0.490917, 0.490917, 0.490851, 0.490319, 0.490319, 0.490319, 0.490319, 0.4902, 0.48991, 0.48991, 0.48991, 0.489845, 0.489791, 0.489787, 0.489787, 0.489576, 0.489576, 0.489372, 0.489372, 0.489372, 0.489161, 0.489145, 0.489145, 0.488722, 0.488543, 0.488543, 0.487451, 0.487451, 0.487396, 0.486825, 0.486236, 0.486236, 0.486048, 0.485147, 0.485006, 0.485006, 0.484817, 0.484817, 0.484817, 0.484192, 0.484192, 0.483524, 0.483524, 0.483524, 0.483524, 0.482899, 0.482899, 0.482867, 0.482867, 0.482478, 0.482478, 0.482478, 0.482478, 0.482227, 0.482098, 0.482098, 0.481746, 0.481746, 0.481746, 0.481702, 0.481702, 0.481702, 0.481397, 0.481337, 0.481086, 0.480923, 0.480883, 0.480883, 0.479949, 0.479949, 0.479841, 0.479746, 0.479746, 0.479746, 0.478616, 0.478616, 0.478518, 0.478518, 0.478451, 0.478451, 0.478451, 0.478169, 0.478169, 0.477831, 0.477831, 0.477797, 0.477649, 0.477544, 0.477544, 0.476988, 0.476735, 0.476425, 0.476369, 0.476305, 0.476305, 0.476052, 0.476052, 0.476052, 0.475982, 0.475889, 0.475719, 0.475663, 0.475623, 0.475467, 0.475371, 0.475331, 0.475186, 0.475186, 0.475036, 0.475036, 0.474794, 0.47476, 0.47476, 0.474703, 0.474518, 0.474477, 0.474349, 0.473996, 0.473996, 0.473868, 0.473551, 0.473551, 0.473551, 0.473445, 0.473097, 0.472886, 0.472886, 0.472372, 0.472372, 0.472214, 0.472214, 0.471999, 0.471999, 0.471999, 0.471999, 0.471999, 0.471842, 0.471842, 0.471672, 0.471672, 0.471672, 0.471672, 0.471672, 0.4712, 0.4712, 0.470464, 0.470464, 0.470464, 0.470464, 0.470464, 0.470447, 0.469991, 0.469991, 0.469891, 0.469891, 0.469644, 0.469644, 0.469201, 0.469201, 0.469201, 0.468812, 0.468421, 0.468421, 0.468383, 0.468383, 0.467887, 0.467356, 0.466955, 0.466955, 0.466911, 0.466911, 0.466433, 0.466376, 0.466257, 0.465914, 0.465735, 0.465735, 0.465216, 0.465216, 0.465216, 0.464949, 0.464828, 0.464828, 0.464828, 0.464312, 0.464312, 0.464312, 0.464255, 0.464255, 0.463928, 0.463675, 0.463675, 0.462992, 0.462992, 0.462992, 0.462867, 0.462478, 0.46222, 0.461633, 0.461633, 0.461633, 0.461633, 0.460827, 0.460827, 0.460827, 0.460128, 0.460128, 0.460128, 0.459732, 0.459483, 0.459371, 0.459184, 0.459184, 0.459184, 0.459184, 0.459091, 0.458904, 0.458904, 0.458904, 0.458656, 0.458192, 0.458192, 0.457883, 0.457883, 0.457883, 0.45686, 0.45686, 0.45686, 0.456699, 0.456454, 0.456454, 0.456016, 0.455188, 0.455188, 0.45474, 0.45474, 0.45474, 0.454694, 0.454694, 0.454694, 0.454291, 0.454291, 0.454228, 0.454007, 0.454007, 0.454007, 0.454007, 0.453943, 0.453943, 0.453408, 0.453408, 0.453408, 0.453408, 0.453408, 0.453394, 0.453394, 0.453394, 0.452582, 0.452582, 0.452582, 0.452448, 0.452448, 0.451379, 0.450463, 0.450463, 0.450463, 0.450463, 0.450461, 0.450461, 0.450112, 0.450112, 0.450112, 0.450112, 0.449761, 0.449761, 0.449761, 0.449761, 0.449761, 0.449761, 0.449567, 0.449567, 0.449567, 0.449424, 0.449424, 0.449424, 0.449424, 0.449339, 0.449339, 0.449182, 0.449182, 0.449182, 0.449182, 0.448516, 0.448516, 0.448516, 0.448516, 0.44846, 0.44846, 0.44846, 0.448121, 0.447862, 0.447862, 0.447523, 0.447044, 0.447044, 0.447044, 0.446701, 0.446701, 0.446701, 0.446701, 0.446701, 0.446701, 0.446222, 0.446222, 0.445965, 0.445965, 0.445965, 0.44589, 0.445837, 0.445837, 0.44558, 0.445505, 0.445485, 0.445485, 0.4449, 0.44455, 0.44455, 0.444453, 0.443712, 0.443447, 0.442317, 0.442317, 0.441109, 0.441109, 0.441109, 0.441109, 0.441109, 0.441109, 0.441109, 0.441021, 0.441021, 0.441021, 0.440614, 0.440404, 0.439909, 0.439909, 0.439909, 0.439909, 0.439137, 0.439137, 0.439137, 0.439137, 0.439137, 0.439137, 0.438989, 0.438989, 0.438989, 0.438989, 0.438852, 0.438852, 0.438852, 0.438831, 0.438831, 0.438831, 0.438048, 0.438048, 0.437976, 0.437976, 0.437594, 0.4375, 0.4375, 0.4375, 0.437177, 0.437177, 0.436665, 0.436665, 0.436664, 0.436664, 0.436626, 0.436626, 0.435883, 0.435883, 0.435883, 0.435883, 0.435865, 0.435534, 0.435534, 0.435534, 0.435533, 0.435533, 0.435516, 0.435516, 0.434735, 0.434695, 0.434695, 0.434695, 0.433933, 0.433933, 0.433933, 0.433702, 0.433194, 0.433194, 0.433194, 0.433113, 0.433113, 0.433113, 0.433001, 0.432512, 0.432512, 0.432512, 0.432512, 0.432468, 0.432468, 0.431926, 0.431911, 0.431512, 0.431512, 0.431512, 0.431334, 0.431316, 0.431316, 0.431316, 0.431316, 0.431316, 0.431316, 0.431316, 0.431291, 0.43128, 0.431258, 0.43091, 0.43091, 0.430867, 0.430867, 0.430867, 0.430831, 0.430831, 0.430831, 0.430831, 0.430522, 0.43048, 0.43048, 0.43048, 0.43048, 0.430295, 0.430295, 0.430252, 0.430052, 0.430052, 0.429841, 0.429841, 0.429841, 0.429841, 0.42982, 0.42982, 0.429667, 0.429667, 0.429667, 0.429667, 0.429536, 0.429536, 0.429536, 0.429498, 0.429498, 0.42946, 0.429298, 0.429298, 0.429298, 0.429298, 0.429207, 0.429207, 0.429169, 0.429169, 0.429014, 0.429014, 0.428797, 0.428753, 0.428698, 0.428698, 0.428698, 0.428281, 0.428281, 0.42791, 0.42791, 0.42791, 0.42791, 0.427495, 0.427495, 0.427495, 0.427495, 0.427495, 0.427495, 0.427495, 0.427495, 0.427495, 0.427191, 0.427191, 0.427191, 0.427191, 0.427191, 0.427191, 0.427191, 0.427191, 0.427125, 0.427067, 0.427067, 0.426847, 0.426847, 0.426847, 0.426847, 0.42654, 0.42654, 0.426416, 0.426122, 0.426122, 0.425957, 0.425957, 0.425832, 0.425832, 0.425767, 0.425767, 0.425767, 0.425767, 0.425767, 0.425767, 0.425767, 0.425235, 0.425235, 0.425235, 0.425231, 0.425231, 0.425231, 0.425231, 0.425231, 0.425231, 0.425231, 0.425231, 0.425231, 0.424948, 0.424948, 0.424948, 0.424944, 0.424885, 0.424885, 0.424602, 0.423668, 0.423668, 0.423668, 0.423668, 0.423668, 0.423668, 0.423668, 0.423668, 0.423668, 0.423668, 0.423668, 0.423668, 0.423668, 0.423668, 0.423668, 0.423396, 0.423396, 0.423155, 0.423098, 0.423098, 0.422967, 0.422857, 0.422828, 0.422726, 0.422726, 0.422726, 0.422726, 0.422726, 0.422697, 0.422697, 0.422697, 0.422165, 0.422136, 0.422136, 0.422136, 0.422136, 0.422136, 0.422136, 0.422136, 0.421892, 0.421487, 0.421487, 0.421487, 0.421487, 0.421189, 0.421189, 0.421189, 0.421189, 0.421048, 0.421048, 0.421048, 0.420668, 0.420668, 0.420668, 0.420668, 0.420668, 0.420668, 0.418236, 0.418236, 0.418236, 0.418236, 0.418236, 0.417933, 0.417933, 0.417872, 0.417872, 0.417872, 0.417872, 0.417872, 0.417872, 0.417789, 0.417789, 0.417484, 0.417484, 0.417484, 0.41737, 0.41737, 0.41737, 0.41737, 0.41737, 0.41737, 0.417116, 0.417116, 0.417116, 0.417116, 0.416999, 0.416882, 0.416861, 0.416861, 0.416861, 0.416861, 0.416361, 0.416361, 0.416361, 0.416254, 0.415988, 0.415988, 0.415931, 0.415931, 0.41515, 0.41515, 0.414955, 0.414955, 0.414955, 0.414955, 0.414812, 0.414734, 0.414734, 0.414734, 0.414546, 0.414546, 0.414546, 0.414325, 0.414325, 0.414325, 0.414325, 0.414325, 0.414325, 0.414325, 0.414304, 0.414304, 0.414304, 0.414304, 0.414304, 0.414304, 0.414304, 0.414001, 0.414001, 0.413968, 0.413968, 0.413968, 0.413787, 0.413787, 0.413787, 0.413469, 0.413469, 0.413469, 0.413469, 0.413469, 0.413352, 0.413352, 0.413352, 0.413352, 0.413336, 0.413336, 0.413307, 0.413291, 0.413291, 0.413291, 0.413291, 0.413291, 0.413291, 0.413266, 0.413266, 0.413104, 0.41307, 0.41307, 0.413059, 0.413059, 0.413059, 0.413059, 0.413025, 0.411903, 0.411903, 0.411903, 0.411869, 0.411869, 0.411721, 0.411612, 0.411383, 0.411383, 0.411284, 0.411284, 0.410829, 0.410829, 0.410716, 0.410689, 0.410689, 0.410689, 0.410576, 0.410576, 0.410534, 0.410534, 0.410534, 0.410534, 0.410534, 0.410534, 0.410534, 0.410534, 0.410456, 0.410456, 0.410397, 0.410397, 0.410382, 0.410375, 0.410375, 0.410301, 0.410292, 0.410292, 0.410292, 0.410292, 0.410292, 0.410011, 0.409926, 0.409895, 0.409895, 0.409895, 0.409655, 0.409655, 0.409655, 0.409655, 0.409655, 0.409525, 0.409525, 0.409525, 0.409525, 0.409525, 0.409525, 0.409429, 0.409429, 0.409429, 0.40934, 0.409318, 0.40928, 0.409222, 0.408841, 0.408841, 0.408723, 0.408723, 0.408118, 0.408118, 0.408118, 0.408106, 0.407995, 0.407995, 0.407995, 0.407995, 0.407885, 0.407885, 0.407873, 0.407769, 0.407757, 0.407757, 0.407757, 0.407757, 0.407757, 0.407757, 0.407757, 0.407757, 0.407679, 0.407679, 0.407679, 0.40755, 0.406855, 0.406855, 0.406648, 0.406648, 0.406648, 0.406648, 0.406648, 0.406648, 0.406648, 0.406648, 0.406387, 0.406387, 0.406387, 0.406387, 0.406387, 0.406387, 0.406065, 0.406065, 0.406065, 0.406065, 0.406065, 0.406065, 0.405345, 0.405345, 0.405345, 0.405345, 0.405345, 0.405345, 0.405345, 0.405345, 0.405345, 0.405345, 0.405042, 0.405042, 0.405025, 0.405025, 0.405025, 0.405025, 0.405025, 0.405025, 0.404864, 0.404864, 0.404864, 0.404864, 0.404545, 0.404545, 0.404545, 0.404545, 0.404545, 0.404545, 0.404545, 0.404545, 0.404545, 0.404545, 0.404545, 0.404545, 0.404545, 0.404545, 0.404545, 0.404545, 0.404545, 0.404545, 0.403966, 0.403966, 0.403635, 0.403622, 0.403622, 0.403622, 0.403622, 0.403622, 0.403288, 0.403288, 0.403288, 0.403288, 0.403288, 0.403288, 0.403288, 0.403288, 0.403288, 0.403288, 0.403288, 0.403288, 0.402847, 0.402847, 0.402847, 0.402847, 0.402847, 0.402847, 0.402847, 0.402847, 0.402575, 0.402575, 0.402575, 0.402575, 0.402575, 0.402575, 0.402536, 0.402536, 0.402536, 0.402536, 0.402536, 0.402302, 0.402302, 0.402302, 0.402302, 0.402037, 0.402037, 0.402037, 0.401789, 0.401789, 0.401789, 0.401789, 0.401789, 0.401789, 0.401789, 0.401524, 0.401524, 0.401524, 0.401524, 0.401524, 0.401524, 0.401369, 0.401369, 0.401369, 0.401369, 0.401369, 0.401369, 0.401369, 0.401369, 0.401181, 0.401181, 0.401181, 0.400929, 0.400929, 0.400741, 0.40051, 0.40051, 0.40051, 0.40051, 0.40051, 0.400418, 0.400418, 0.400418, 0.400418, 0.400418, 0.400418, 0.400418, 0.400373, 0.400373, 0.400373, 0.400373, 0.400373, 0.400373, 0.400373, 0.400318, 0.400274, 0.400274, 0.400274, 0.400274, 0.400274, 0.400274, 0.400274, 0.400274, 0.400145, 0.400145, 0.400145, 0.400145, 0.399832, 0.399832, 0.399832, 0.399692, 0.399692, 0.399692, 0.399502, 0.399502, 0.399502, 0.399427, 0.399427, 0.399238, 0.39891, 0.39864, 0.39864, 0.39864, 0.398409, 0.398409, 0.39788, 0.39788, 0.39788, 0.39788, 0.397649, 0.39761, 0.39761, 0.397379, 0.397379, 0.397379, 0.397379, 0.397379, 0.397111, 0.397111, 0.397111, 0.397111, 0.397111, 0.397111, 0.397111, 0.397111, 0.397092, 0.396776, 0.396776, 0.396776, 0.396776, 0.396757, 0.396757, 0.396757, 0.396757, 0.396757, 0.396726, 0.396726, 0.396726, 0.396726, 0.396726, 0.396726, 0.396726, 0.396726, 0.396726, 0.396726, 0.396726, 0.396726, 0.396726, 0.396726, 0.396726, 0.396726, 0.396301, 0.396301, 0.396301, 0.396301, 0.396301, 0.396301, 0.396301, 0.396301, 0.396078, 0.395693, 0.395459, 0.395459, 0.395459, 0.395141, 0.395141, 0.395141, 0.394906, 0.394906, 0.394889, 0.394828, 0.394828, 0.394828, 0.394828, 0.394828, 0.394828, 0.394828, 0.394828, 0.394828, 0.394699, 0.394699, 0.394699, 0.394627, 0.394627, 0.394627, 0.394623, 0.394623, 0.394623, 0.394459, 0.394459, 0.39432, 0.39432, 0.39432, 0.39432, 0.39432, 0.39432, 0.39432, 0.39432, 0.394156, 0.394156, 0.394151, 0.394021, 0.394021, 0.394021, 0.394021, 0.394021, 0.393696, 0.393528, 0.393528, 0.393398, 0.393398, 0.393398, 0.393398, 0.393398, 0.392899, 0.392899, 0.392899, 0.392899, 0.392899, 0.392899, 0.39202, 0.39202, 0.39202, 0.39202, 0.39202, 0.391736, 0.391736, 0.391736, 0.391003, 0.391003, 0.391003, 0.390132, 0.390132, 0.390132, 0.390132, 0.390132, 0.389432, 0.389432, 0.389432, 0.389432, 0.389413, 0.389189, 0.389189, 0.389189, 0.389153, 0.389153, 0.389153, 0.389153, 0.389147, 0.389147, 0.389111, 0.389111, 0.388954, 0.388954, 0.388914, 0.388914, 0.388814, 0.388658, 0.388617, 0.388617, 0.388617, 0.388617, 0.388082, 0.388082, 0.388082, 0.388082, 0.388042, 0.387806, 0.387806, 0.387806, 0.38722, 0.387094, 0.387094, 0.387094, 0.387094, 0.387094, 0.387094, 0.387094, 0.387005, 0.387005, 0.386989, 0.386989, 0.386989, 0.386989, 0.386886, 0.386807, 0.386807, 0.386684, 0.386684, 0.386684, 0.386502, 0.386402, 0.386284, 0.386284, 0.386284, 0.386284, 0.386284, 0.386284, 0.386064, 0.386064, 0.386064, 0.385947, 0.385947, 0.385842, 0.385118, 0.385118, 0.385118, 0.385118, 0.385013, 0.385013, 0.384896, 0.384896, 0.384896, 0.384896, 0.384896, 0.384896, 0.384896, 0.384896, 0.384896, 0.384423, 0.384382, 0.384382, 0.384382, 0.384382, 0.384382, 0.384382, 0.384382, 0.384362, 0.384362, 0.384321, 0.384321, 0.384211, 0.384211, 0.384211, 0.384013, 0.384013, 0.384013, 0.383862, 0.383862, 0.383862, 0.383335, 0.383335, 0.383293, 0.383183, 0.383142, 0.383142, 0.383142, 0.383142, 0.383142, 0.383142, 0.383142, 0.383142, 0.383142, 0.383142, 0.383142, 0.383142, 0.383142, 0.383142, 0.383142, 0.383142, 0.383142, 0.383142, 0.383042, 0.383042, 0.383042, 0.383042, 0.383042, 0.383042, 0.383042, 0.383042, 0.383042, 0.383042, 0.381939, 0.381939, 0.381939, 0.381939, 0.381939, 0.381811, 0.381811, 0.381811, 0.381811, 0.381811, 0.381811, 0.381811, 0.381811, 0.381811, 0.381811, 0.381811, 0.381811, 0.381811, 0.381811, 0.381811, 0.381811, 0.381811, 0.381458, 0.381458, 0.381458, 0.381458, 0.381458, 0.381458, 0.381268, 0.381268, 0.381268, 0.381268, 0.381268, 0.381268, 0.381268, 0.380559, 0.380559, 0.380559, 0.380559, 0.380559, 0.380559, 0.380559, 0.380559, 0.380559, 0.380559, 0.380559, 0.380559, 0.380559, 0.380559, 0.380559, 0.380559, 0.380559, 0.380559, 0.380559, 0.380559, 0.380559, 0.380559, 0.380559, 0.380559, 0.380559, 0.380559, 0.380559, 0.380491, 0.380491, 0.380298, 0.380298, 0.380298, 0.380298, 0.379971, 0.379971, 0.379971, 0.379778, 0.379778, 0.37975, 0.37975, 0.379405, 0.37923, 0.379211, 0.379211, 0.379152, 0.379152, 0.379152, 0.379152, 0.379152, 0.379152, 0.379152, 0.379139, 0.379139, 0.379085, 0.379085, 0.379085, 0.379056, 0.379056, 0.379056, 0.379043, 0.379043, 0.379043, 0.378516, 0.378516, 0.378516, 0.378516, 0.378254, 0.378225, 0.378225, 0.378225, 0.378225, 0.378225, 0.378225, 0.378225, 0.378225, 0.378225, 0.378225, 0.378225, 0.378225, 0.378225, 0.378225, 0.378225, 0.378225, 0.378225, 0.378225, 0.378225, 0.378225, 0.378225, 0.378225, 0.378225, 0.378225, 0.378225, 0.378225, 0.378225, 0.378225, 0.378225, 0.378225, 0.378225, 0.378225, 0.378225, 0.378106, 0.378106, 0.378106, 0.377991, 0.377991, 0.377991, 0.377991, 0.377831, 0.377831, 0.377831, 0.377831, 0.377831, 0.377831, 0.377831, 0.377831, 0.377831, 0.377831, 0.377831, 0.377779, 0.377779, 0.377779, 0.377779, 0.377779, 0.377475, 0.377475, 0.377475, 0.377475, 0.377475, 0.37719, 0.37719, 0.37719, 0.37719, 0.377159, 0.377159, 0.377159, 0.377159, 0.377159, 0.377125, 0.377125, 0.377125, 0.377097, 0.377097, 0.377097, 0.377097, 0.377097, 0.377097, 0.377097, 0.377097, 0.377097, 0.377097, 0.377097, 0.377097, 0.377097, 0.377097, 0.376975, 0.376975, 0.376932, 0.376932, 0.376932, 0.376932, 0.376932, 0.376932, 0.376932, 0.376932, 0.37666, 0.37666, 0.37666, 0.37666, 0.37666, 0.37666, 0.376161, 0.376161, 0.376161, 0.376161, 0.376161, 0.376161, 0.376017, 0.376017, 0.375904, 0.375904, 0.375904, 0.375904, 0.375904, 0.375888, 0.375759, 0.375759, 0.375759, 0.375759, 0.375759, 0.375759, 0.375759, 0.375759, 0.375655, 0.375655, 0.3756, 0.3756, 0.375496, 0.375495, 0.375495, 0.375495, 0.375458, 0.375458, 0.375458, 0.375458, 0.374492, 0.374492, 0.374454, 0.374448, 0.374448, 0.374448, 0.374448, 0.374448, 0.374447, 0.374345, 0.374339, 0.374339, 0.373965, 0.373965, 0.373959, 0.373844, 0.373844, 0.373838, 0.373825, 0.373825, 0.373825, 0.373704, 0.373704, 0.373698, 0.373587, 0.373587, 0.373237, 0.37312, 0.37312, 0.37312, 0.37312, 0.372974, 0.372834, 0.372834, 0.372834, 0.372834, 0.372834, 0.372834, 0.372702, 0.372702, 0.372702, 0.372702, 0.372702, 0.372367, 0.372367, 0.37233, 0.371272, 0.370867, 0.370867, 0.370867, 0.370867, 0.370867, 0.370821, 0.370821, 0.370821, 0.370821, 0.370821, 0.370821, 0.370562, 0.370562, 0.370562, 0.370523, 0.370523, 0.3703, 0.3703, 0.3703, 0.37026, 0.37026, 0.37026, 0.37026, 0.37026, 0.37021, 0.370208, 0.37017, 0.37017, 0.37017, 0.370119, 0.370119, 0.36994, 0.369517, 0.369517, 0.369517, 0.369339, 0.369132, 0.369132, 0.369132, 0.368691, 0.368691, 0.368691, 0.368691, 0.368484, 0.367837, 0.367189, 0.367189, 0.366768, 0.366768, 0.366768, 0.366768, 0.366768, 0.366768, 0.366768, 0.366231, 0.366231, 0.366231, 0.366231, 0.366231, 0.366083, 0.366083, 0.366083, 0.366083, 0.366083, 0.366083, 0.366083, 0.366083, 0.366083, 0.366083, 0.365216, 0.365216, 0.365216, 0.365216, 0.365216, 0.365216, 0.365216, 0.364664, 0.364664, 0.364664, 0.364664, 0.364617, 0.364617, 0.364617, 0.364585, 0.364585, 0.364585, 0.364464, 0.364464, 0.364464, 0.364282, 0.364282, 0.364282, 0.364282, 0.364282, 0.364282, 0.364282, 0.364282, 0.364282, 0.364027, 0.364027, 0.364027, 0.364027, 0.364027, 0.364027, 0.364027, 0.364027, 0.364027, 0.362483, 0.362483, 0.362483, 0.362483, 0.362483, 0.362483, 0.362483, 0.362483, 0.362483, 0.361946, 0.361946, 0.361946, 0.361946, 0.361946, 0.360895, 0.360895, 0.360895, 0.360358, 0.360358, 0.360358, 0.360358, 0.360358, 0.360358, 0.360358, 0.360179, 0.360179, 0.360179, 0.360179, 0.360117, 0.360117, 0.360117, 0.360117, 0.360117, 0.360117, 0.360117, 0.360117, 0.360117, 0.360117, 0.360117, 0.360117, 0.360117, 0.359484, 0.359484, 0.359484, 0.359484, 0.359484, 0.359484, 0.359484, 0.359484, 0.359484, 0.359484, 0.359484, 0.359484, 0.359207, 0.359207, 0.359057, 0.359057, 0.359057, 0.359057, 0.359057, 0.35878, 0.35878, 0.35878, 0.35878, 0.35878, 0.35878, 0.35878, 0.35878, 0.35878, 0.35878, 0.358727, 0.358727, 0.358639, 0.358106, 0.358106, 0.35799, 0.35799, 0.35799, 0.357667, 0.357667, 0.357667, 0.357667, 0.357667, 0.357276, 0.357276, 0.357276, 0.357276, 0.357276, 0.357276, 0.357276, 0.357276, 0.357121, 0.357121, 0.357121, 0.357121, 0.357121, 0.357121, 0.357121, 0.357121, 0.357121, 0.357121, 0.357121, 0.357121, 0.357121, 0.357121, 0.357121, 0.357121, 0.357121, 0.357118, 0.357118, 0.355779, 0.355779, 0.355779, 0.355779, 0.355776, 0.355776, 0.355776, 0.355776, 0.355776, 0.355776, 0.355776, 0.355776, 0.355776, 0.355475, 0.355475, 0.355475, 0.355475, 0.355475, 0.355475, 0.355475, 0.355475, 0.355475, 0.355475, 0.355427, 0.355418, 0.354931, 0.354931, 0.354931, 0.354873, 0.354873, 0.354873, 0.354873, 0.354873, 0.354873, 0.354873, 0.354873, 0.354873, 0.354873, 0.354873, 0.354873, 0.354873, 0.354873, 0.354873, 0.354679, 0.354679, 0.354679, 0.354679, 0.354679, 0.354679, 0.354679, 0.354679, 0.354679, 0.354107, 0.354107, 0.354107, 0.354107, 0.354107, 0.354107, 0.353963, 0.353963, 0.353755, 0.353755, 0.353755, 0.353755, 0.353755, 0.35361, 0.35361, 0.353569, 0.353569, 0.353569, 0.353569, 0.353569, 0.353569, 0.353569, 0.353569, 0.353569, 0.353569, 0.353569, 0.353366, 0.353366, 0.353366, 0.353366, 0.353366, 0.353269, 0.353269, 0.353269, 0.353269, 0.353269, 0.353269, 0.352652, 0.352652, 0.352652, 0.352652, 0.352515, 0.352515, 0.352515, 0.352415, 0.352415, 0.352415, 0.352415, 0.352415, 0.352415, 0.352415, 0.352415, 0.352415, 0.352415, 0.352415, 0.352415, 0.352415, 0.352415, 0.352402, 0.352402, 0.352402, 0.351425, 0.351425, 0.351425, 0.351425, 0.351425, 0.351425, 0.351425, 0.351425, 0.351425, 0.351425, 0.351425, 0.351425, 0.351425, 0.351425, 0.351425, 0.351425, 0.351268, 0.351268, 0.351268, 0.351268, 0.351268, 0.351268, 0.350819, 0.350819, 0.350819, 0.350819, 0.350819, 0.350819, 0.350819, 0.350819, 0.350819, 0.350819, 0.350819, 0.350819, 0.35072, 0.35072, 0.35072, 0.35072, 0.35072, 0.35072, 0.35072, 0.34967, 0.34967, 0.34967, 0.34967, 0.349248, 0.349248, 0.349248, 0.349248, 0.34918, 0.348483, 0.348483, 0.348483, 0.348467, 0.348467, 0.348467, 0.348467, 0.348467, 0.348467, 0.347539, 0.347539, 0.347539, 0.347539, 0.347539, 0.347539, 0.347539, 0.347539, 0.347539, 0.347539, 0.347539, 0.347539, 0.347539, 0.347539, 0.347539, 0.347539, 0.347539, 0.346845, 0.346845, 0.346845, 0.346845, 0.346845, 0.346845, 0.346845, 0.346845, 0.346845, 0.346845, 0.346845, 0.346845, 0.346845, 0.346845, 0.346845, 0.346845, 0.346845, 0.346845, 0.346845, 0.346845, 0.346845, 0.346845, 0.346845, 0.346845, 0.346845, 0.346845, 0.346845, 0.346845, 0.346845, 0.346845, 0.346645, 0.346645, 0.346645, 0.346645, 0.346645, 0.346645, 0.346645, 0.346554, 0.346554, 0.34648, 0.34648, 0.34648, 0.346389, 0.346389, 0.346389, 0.346389, 0.346389, 0.346176, 0.346176, 0.346104, 0.346104, 0.345891, 0.345891, 0.345891, 0.34585, 0.34585, 0.34585, 0.34585, 0.345501, 0.345501, 0.34546, 0.34546, 0.34546, 0.34546, 0.34546, 0.344562, 0.344562, 0.344562, 0.344562, 0.344562, 0.344562, 0.344562, 0.344562, 0.344562, 0.344562, 0.344562, 0.344562, 0.344562, 0.344562, 0.344562, 0.344562, 0.344107, 0.344107, 0.344107, 0.344107, 0.344107, 0.344107, 0.344107, 0.344107, 0.342445, 0.342138, 0.342138, 0.342138, 0.342138, 0.342138, 0.342138, 0.342138, 0.342138, 0.342138, 0.342126, 0.342126, 0.342126, 0.342126, 0.342126, 0.342126, 0.342126, 0.342126, 0.342126, 0.342126, 0.342126, 0.342126, 0.342126, 0.342126, 0.342126, 0.342126, 0.342126, 0.342126, 0.342126, 0.342126, 0.340729, 0.340729, 0.340729, 0.340729, 0.340729, 0.340729, 0.340729, 0.340729, 0.34072, 0.34072, 0.34072, 0.34072, 0.34072, 0.34072, 0.340488, 0.340488, 0.340488, 0.340488, 0.340488, 0.340488, 0.340488, 0.340488, 0.340488, 0.33975, 0.33975, 0.33975, 0.339468, 0.339468, 0.339339, 0.339339, 0.339339, 0.339339, 0.339275, 0.339275, 0.339275, 0.339275, 0.338929, 0.338929, 0.338929, 0.338865, 0.338865, 0.338865, 0.338865, 0.338865, 0.338562, 0.338401, 0.338401, 0.338401, 0.338401, 0.338401, 0.338401, 0.338245, 0.338245, 0.338245, 0.338245, 0.338245, 0.338245, 0.338245, 0.338245, 0.338205, 0.338205, 0.338205, 0.338205, 0.338205, 0.337751, 0.337751, 0.337751, 0.337751, 0.337751, 0.337332, 0.337332, 0.337332, 0.337332, 0.337332, 0.337157, 0.337121, 0.337121, 0.3365, 0.3365, 0.336289, 0.336002, 0.336002, 0.335797, 0.335797, 0.335797, 0.335797, 0.335797, 0.335797, 0.335797, 0.335797, 0.335797, 0.335797, 0.335797, 0.335797, 0.335797, 0.335797, 0.335797, 0.335797, 0.335797, 0.335797, 0.335797, 0.335797, 0.335797, 0.335797, 0.335484, 0.335484, 0.335484, 0.335484, 0.335484, 0.335484, 0.335153, 0.335153, 0.334958, 0.334958, 0.334622, 0.334622, 0.334622, 0.334622, 0.334622, 0.334622, 0.334622, 0.333652, 0.333652, 0.333652, 0.333652, 0.333652, 0.333652, 0.333652, 0.333652, 0.333483, 0.333483, 0.333483, 0.333483, 0.333234, 0.333234, 0.333234, 0.332637, 0.332637, 0.332637, 0.332637, 0.332637, 0.332637, 0.332394, 0.332394, 0.332394, 0.332394, 0.332394, 0.332394, 0.332394, 0.332394, 0.332288, 0.332288, 0.332288, 0.332288, 0.332288, 0.332288, 0.332139, 0.332139, 0.332139, 0.332139, 0.332139, 0.332139, 0.331897, 0.331778, 0.331748, 0.331522, 0.330569, 0.330569, 0.330569, 0.330569, 0.330569, 0.329093, 0.329093, 0.329093, 0.329093, 0.329093, 0.329093, 0.329093, 0.329011, 0.329011, 0.329011, 0.329011, 0.329011, 0.329011, 0.329011, 0.329011, 0.329011, 0.329011, 0.329011]
./data/bupa_set_CONST_20. Problema AGGSF (seed 1):   	8592ms	0.300738	1032	0.156835

EVOLUCIÓN AGGSF
AGGSF=[0.568049, 0.540626, 0.538547, 0.536624, 0.535768, 0.535077, 0.535077, 0.535077, 0.535077, 0.53403, 0.53403, 0.533517, 0.53333, 0.532539, 0.53197, 0.53197, 0.53197, 0.531545, 0.531362, 0.530942, 0.53075, 0.528429, 0.528429, 0.528429, 0.528429, 0.528161, 0.528161, 0.52799, 0.527646, 0.527646, 0.527152, 0.526747, 0.52661, 0.525321, 0.525321, 0.525321, 0.524842, 0.524814, 0.524475, 0.524475, 0.52394, 0.52394, 0.523303, 0.523303, 0.523303, 0.522544, 0.522544, 0.522544, 0.521855, 0.521855, 0.521855, 0.521422, 0.521213, 0.521213, 0.521213, 0.520949, 0.520545, 0.520545, 0.520281, 0.520138, 0.520138, 0.519924, 0.519858, 0.519858, 0.519603, 0.519567, 0.519061, 0.519061, 0.519061, 0.519004, 0.51771, 0.517278, 0.517278, 0.517222, 0.517222, 0.516784, 0.516464, 0.515836, 0.515836, 0.515421, 0.515421, 0.515421, 0.515088, 0.514943, 0.514914, 0.514603, 0.514432, 0.514432, 0.514079, 0.513727, 0.513727, 0.513727, 0.513261, 0.513261, 0.512826, 0.51236, 0.51236, 0.51236, 0.511875, 0.511875, 0.511875, 0.511427, 0.511427, 0.51134, 0.510902, 0.510902, 0.510902, 0.510902, 0.510725, 0.510468, 0.510468, 0.510468, 0.510291, 0.509784, 0.509784, 0.509784, 0.509607, 0.509607, 0.508769, 0.508769, 0.508769, 0.508769, 0.508769, 0.508769, 0.508562, 0.508562, 0.508562, 0.508562, 0.50812, 0.50812, 0.507984, 0.507984, 0.507716, 0.507087, 0.507087, 0.507072, 0.506524, 0.506524, 0.505951, 0.505547, 0.505547, 0.505547, 0.505302, 0.505036, 0.504779, 0.504779, 0.504659, 0.504637, 0.504236, 0.504094, 0.504013, 0.503805, 0.503434, 0.503434, 0.503433, 0.503433, 0.503353, 0.50334, 0.50292, 0.50292, 0.50292, 0.502241, 0.502159, 0.502159, 0.502159, 0.501995, 0.501772, 0.501491, 0.501491, 0.501491, 0.50119, 0.501155, 0.501155, 0.500865, 0.500512, 0.500512, 0.500512, 0.500028, 0.500028, 0.499934, 0.499715, 0.499621, 0.499621, 0.499386, 0.499386, 0.499374, 0.499319, 0.499314, 0.499102, 0.499029, 0.498688, 0.498688, 0.498688, 0.498643, 0.498643, 0.498643, 0.498281, 0.498281, 0.498281, 0.497815, 0.497815, 0.497815, 0.497606, 0.497154, 0.497154, 0.496917, 0.496634, 0.496634, 0.49657, 0.496243, 0.496243, 0.496243, 0.496097, 0.495695, 0.495648, 0.495512, 0.495331, 0.495275, 0.495275, 0.495176, 0.495064, 0.494768, 0.494768, 0.494447, 0.494447, 0.493761, 0.493761, 0.493761, 0.493761, 0.493215, 0.492999, 0.492999, 0.492999, 0.492999, 0.492822, 0.492822, 0.492801, 0.492801, 0.491831, 0.491831, 0.491831, 0.491831, 0.49179, 0.491079, 0.491079, 0.491079, 0.490323, 0.490323, 0.490323, 0.490323, 0.490323, 0.490197, 0.489564, 0.489564, 0.489435, 0.489435, 0.489325, 0.488578, 0.488578, 0.488578, 0.488578, 0.48843, 0.48843, 0.48843, 0.488355, 0.488355, 0.488355, 0.487784, 0.487603, 0.487603, 0.487603, 0.487603, 0.487603, 0.487491, 0.487419, 0.487419, 0.487419, 0.487191, 0.487154, 0.487154, 0.486759, 0.486403, 0.486366, 0.486366, 0.48612, 0.485976, 0.485553, 0.485307, 0.485307, 0.485163, 0.484515, 0.484515, 0.484515, 0.484515, 0.484515, 0.484515, 0.484515, 0.48397, 0.48397, 0.48397, 0.483928, 0.483723, 0.483607, 0.48319, 0.48319, 0.48319, 0.48319, 0.483046, 0.482827, 0.482827, 0.482687, 0.482687, 0.482687, 0.482356, 0.482356, 0.481971, 0.481873, 0.481873, 0.481873, 0.481628, 0.48149, 0.48149, 0.48149, 0.481425, 0.481425, 0.481245, 0.480969, 0.480969, 0.480969, 0.480774, 0.4807, 0.4807, 0.4807, 0.4807, 0.480477, 0.480477, 0.480477, 0.480439, 0.480439, 0.480126, 0.480126, 0.480126, 0.479856, 0.479856, 0.479743, 0.479695, 0.479473, 0.479473, 0.479376, 0.479234, 0.479093, 0.479093, 0.478924, 0.478908, 0.478908, 0.478908, 0.478617, 0.478499, 0.478465, 0.478111, 0.477884, 0.477884, 0.477734, 0.477356, 0.477234, 0.477234, 0.47689, 0.476786, 0.476786, 0.476706, 0.476373, 0.476269, 0.476269, 0.476074, 0.476074, 0.475783, 0.47571, 0.47571, 0.47571, 0.475434, 0.475319, 0.475107, 0.475107, 0.475043, 0.474111, 0.474111, 0.474111, 0.474111, 0.474111, 0.474111, 0.473808, 0.47352, 0.47352, 0.47352, 0.47352, 0.473489, 0.47302, 0.47302, 0.47302, 0.47302, 0.472627, 0.472627, 0.472627, 0.472573, 0.472477, 0.472477, 0.472424, 0.472301, 0.47219, 0.47219, 0.471863, 0.47185, 0.471096, 0.471096, 0.471096, 0.471096, 0.470959, 0.470959, 0.47088, 0.47088, 0.470744, 0.470744, 0.470432, 0.470228, 0.469849, 0.469849, 0.469849, 0.469756, 0.469756, 0.469384, 0.469384, 0.469259, 0.469259, 0.469259, 0.469259, 0.469183, 0.469183, 0.469183, 0.469183, 0.469183, 0.469183, 0.469183, 0.469183, 0.469183, 0.469034, 0.46886, 0.468725, 0.468725, 0.468403, 0.468403, 0.468403, 0.468403, 0.468378, 0.468347, 0.468347, 0.468332, 0.468332, 0.468123, 0.467843, 0.467843, 0.467425, 0.467425, 0.466813, 0.466813, 0.466813, 0.466813, 0.466813, 0.466813, 0.466813, 0.466813, 0.466813, 0.466447, 0.466357, 0.466357, 0.466357, 0.466357, 0.466357, 0.466284, 0.466063, 0.466063, 0.465972, 0.465972, 0.465972, 0.465972, 0.465972, 0.465972, 0.465813, 0.465706, 0.465298, 0.465298, 0.465152, 0.465101, 0.464505, 0.464131, 0.464081, 0.464081, 0.464081, 0.463809, 0.463572, 0.463572, 0.462837, 0.462837, 0.462476, 0.461974, 0.461827, 0.461738, 0.461502, 0.461413, 0.461134, 0.461134, 0.46081, 0.4604, 0.4604, 0.460363, 0.460363, 0.460088, 0.460088, 0.460051, 0.460051, 0.460051, 0.459905, 0.459905, 0.459851, 0.459814, 0.459639, 0.459599, 0.459599, 0.459599, 0.459518, 0.4594, 0.459363, 0.458895, 0.458858, 0.458858, 0.458759, 0.458711, 0.458711, 0.458224, 0.458176, 0.458176, 0.458176, 0.458176, 0.457772, 0.457352, 0.457352, 0.456948, 0.456948, 0.456948, 0.456843, 0.456572, 0.456572, 0.456221, 0.456221, 0.456221, 0.456221, 0.456221, 0.455845, 0.455845, 0.455845, 0.455751, 0.455751, 0.455498, 0.455262, 0.455262, 0.455168, 0.454504, 0.454504, 0.454504, 0.454422, 0.454422, 0.454165, 0.454121, 0.453758, 0.453758, 0.453729, 0.453386, 0.453386, 0.453386, 0.453386, 0.453356, 0.453342, 0.45334, 0.453106, 0.453106, 0.453106, 0.453106, 0.453106, 0.453106, 0.453106, 0.453106, 0.453106, 0.453106, 0.453106, 0.453106, 0.453106, 0.452734, 0.452734, 0.452734, 0.452734, 0.452734, 0.452734, 0.452734, 0.452474, 0.45227, 0.45227, 0.45227, 0.45227, 0.45227, 0.45227, 0.45227, 0.45227, 0.452213, 0.452213, 0.452213, 0.45186, 0.45186, 0.45186, 0.45186, 0.451803, 0.451803, 0.451803, 0.451803, 0.451803, 0.451803, 0.451778, 0.451397, 0.451397, 0.451397, 0.451397, 0.451305, 0.451305, 0.451305, 0.451305, 0.451305, 0.451305, 0.451193, 0.451193, 0.451193, 0.451029, 0.451029, 0.451029, 0.451029, 0.451029, 0.451029, 0.450683, 0.450683, 0.450683, 0.450683, 0.450337, 0.450337, 0.450337, 0.450337, 0.450337, 0.450173, 0.450127, 0.450127, 0.450127, 0.450127, 0.44997, 0.44997, 0.44997, 0.449876, 0.449655, 0.449345, 0.449345, 0.449345, 0.449345, 0.449333, 0.449063, 0.449063, 0.448838, 0.448838, 0.448838, 0.448673, 0.448673, 0.448673, 0.448661, 0.448417, 0.448417, 0.448417, 0.448417, 0.44824, 0.44824, 0.447949, 0.447949, 0.447949, 0.447881, 0.447881, 0.447859, 0.447859, 0.447859, 0.447859, 0.447859, 0.447859, 0.447859, 0.447709, 0.447709, 0.447709, 0.447709, 0.447709, 0.447709, 0.447709, 0.447709, 0.447709, 0.447709, 0.447709, 0.447585, 0.447585, 0.447585, 0.447585, 0.447585, 0.447585, 0.447585, 0.447254, 0.447003, 0.446979, 0.446568, 0.446568, 0.446568, 0.446568, 0.446568, 0.446543, 0.446178, 0.446178, 0.446178, 0.446139, 0.445723, 0.445722, 0.445711, 0.445318, 0.4449, 0.4449, 0.4449, 0.444511, 0.444511, 0.444511, 0.444511, 0.444511, 0.444236, 0.444236, 0.44344, 0.443081, 0.443081, 0.442607, 0.442607, 0.442447, 0.442447, 0.442447, 0.442447, 0.442257, 0.442257, 0.442257, 0.442257, 0.442257, 0.442257, 0.442257, 0.442227, 0.442227, 0.442227, 0.442197, 0.441955, 0.441955, 0.441955, 0.441839, 0.441839, 0.441839, 0.441839, 0.441839, 0.441732, 0.441722, 0.441722, 0.441616, 0.441616, 0.441589, 0.441336, 0.441336, 0.441336, 0.441336, 0.441229, 0.441109, 0.441104, 0.440888, 0.440888, 0.440697, 0.440615, 0.440615, 0.440615, 0.440615, 0.440289, 0.440289, 0.440289, 0.440289, 0.440289, 0.44028, 0.440068, 0.440068, 0.440068, 0.440068, 0.440002, 0.440002, 0.440002, 0.439781, 0.439561, 0.439561, 0.439561, 0.439408, 0.439408, 0.439195, 0.439195, 0.439133, 0.439133, 0.439133, 0.439133, 0.438903, 0.438434, 0.438434, 0.438237, 0.438237, 0.438237, 0.438075, 0.438075, 0.438075, 0.437742, 0.437612, 0.437476, 0.437229, 0.437229, 0.437229, 0.437229, 0.437229, 0.437229, 0.437175, 0.437175, 0.437019, 0.437019, 0.437019, 0.436965, 0.436933, 0.436933, 0.436836, 0.436783, 0.436783, 0.436783, 0.436783, 0.436783, 0.436461, 0.436461, 0.436461, 0.436298, 0.436298, 0.436023, 0.435552, 0.435332, 0.435131, 0.435131, 0.434433, 0.434433, 0.434433, 0.434433, 0.434294, 0.434294, 0.434294, 0.434294, 0.434294, 0.434092, 0.434092, 0.434092, 0.433683, 0.433683, 0.433683, 0.433564, 0.433564, 0.433564, 0.433564, 0.433399, 0.433363, 0.433363, 0.433291, 0.433291, 0.431778, 0.431778, 0.431778, 0.43036, 0.43036, 0.43036, 0.43036, 0.43036, 0.43036, 0.43036, 0.43036, 0.43036, 0.43036, 0.43036, 0.43026, 0.430134, 0.430134, 0.430134, 0.430134, 0.430134, 0.429928, 0.429829, 0.429829, 0.429829, 0.429829, 0.429829, 0.429829, 0.429829, 0.429553, 0.429465, 0.429343, 0.429343, 0.429343, 0.429343, 0.429026, 0.429026, 0.428794, 0.428661, 0.428661, 0.427771, 0.427771, 0.427771, 0.427771, 0.427675, 0.427469, 0.42703, 0.42703, 0.42703, 0.426728, 0.426728, 0.426728, 0.426728, 0.426697, 0.426697, 0.426697, 0.426697, 0.426697, 0.426697, 0.426533, 0.426533, 0.42516, 0.42516, 0.42516, 0.425148, 0.424997, 0.424997, 0.424687, 0.424687, 0.424523, 0.424523, 0.424434, 0.42396, 0.42396, 0.42394, 0.42394, 0.423689, 0.423689, 0.423221, 0.423221, 0.423221, 0.423221, 0.423201, 0.423201, 0.423201, 0.423201, 0.423201, 0.423201, 0.423201, 0.423201, 0.423201, 0.423157, 0.423157, 0.423157, 0.423157, 0.423115, 0.423115, 0.423115, 0.422822, 0.422822, 0.42278, 0.42278, 0.42278, 0.42278, 0.42278, 0.42278, 0.422519, 0.422436, 0.422174, 0.422174, 0.42212, 0.42212, 0.42212, 0.42144, 0.42144, 0.42144, 0.42144, 0.42144, 0.42144, 0.42144, 0.42144, 0.42107, 0.42107, 0.42107, 0.42107, 0.42107, 0.420758, 0.420758, 0.420758, 0.420758, 0.420758, 0.420758, 0.420645, 0.420645, 0.420645, 0.420592, 0.419748, 0.419748, 0.419748, 0.419695, 0.419695, 0.419648, 0.419648, 0.419648, 0.419648, 0.419648, 0.419594, 0.41955, 0.41955, 0.41955, 0.41955, 0.41935, 0.41935, 0.419104, 0.418649, 0.418649, 0.418649, 0.418649, 0.418649, 0.418504, 0.418504, 0.418287, 0.418287, 0.418287, 0.418287, 0.418012, 0.418012, 0.418012, 0.418012, 0.418012, 0.417911, 0.417911, 0.417425, 0.417425, 0.417248, 0.417248, 0.417248, 0.417248, 0.417248, 0.416784, 0.416429, 0.416429, 0.416429, 0.415965, 0.415965, 0.415965, 0.415965, 0.415965, 0.415965, 0.415965, 0.414233, 0.414233, 0.414233, 0.413903, 0.413903, 0.413903, 0.413652, 0.413652, 0.413354, 0.413197, 0.41264, 0.41264, 0.41264, 0.41264, 0.41264, 0.412622, 0.412622, 0.412622, 0.412622, 0.412168, 0.412168, 0.412168, 0.412168, 0.412168, 0.412168, 0.41208, 0.411722, 0.411722, 0.411722, 0.411634, 0.411634, 0.411634, 0.411634, 0.411449, 0.411047, 0.411047, 0.411034, 0.411034, 0.411024, 0.411024, 0.411024, 0.410732, 0.410732, 0.410377, 0.410377, 0.410377, 0.410377, 0.410323, 0.410323, 0.410323, 0.410323, 0.409572, 0.409572, 0.409572, 0.409555, 0.409269, 0.409269, 0.408909, 0.40881, 0.40881, 0.40881, 0.408272, 0.408272, 0.408272, 0.408271, 0.408271, 0.407822, 0.407822, 0.407822, 0.407822, 0.407822, 0.407822, 0.407822, 0.407822, 0.407822, 0.407822, 0.407217, 0.407217, 0.407217, 0.407217, 0.407217, 0.407217, 0.407217, 0.407217, 0.406987, 0.406987, 0.406987, 0.406987, 0.406987, 0.406987, 0.406755, 0.406545, 0.406545, 0.406545, 0.406298, 0.406008, 0.405927, 0.405404, 0.405404, 0.405404, 0.405404, 0.405223, 0.405223, 0.405114, 0.405114, 0.405114, 0.405016, 0.405016, 0.405016, 0.404282, 0.404282, 0.404282, 0.404184, 0.404021, 0.404021, 0.404021, 0.403974, 0.403812, 0.403812, 0.403812, 0.403812, 0.403812, 0.403812, 0.403503, 0.403503, 0.403503, 0.403503, 0.403503, 0.403503, 0.403503, 0.403503, 0.403503, 0.403503, 0.403503, 0.403503, 0.403503, 0.403503, 0.402932, 0.402932, 0.402932, 0.402932, 0.402932, 0.402932, 0.402932, 0.402932, 0.402791, 0.402791, 0.402499, 0.402499, 0.402499, 0.402499, 0.402303, 0.402303, 0.402303, 0.402303, 0.402303, 0.402247, 0.402172, 0.401576, 0.401576, 0.401436, 0.401436, 0.401436, 0.401436, 0.400661, 0.400661, 0.400652, 0.400652, 0.400652, 0.400652, 0.400638, 0.400638, 0.400589, 0.400579, 0.399873, 0.399873, 0.399873, 0.399864, 0.399792, 0.399792, 0.399792, 0.399774, 0.399774, 0.399774, 0.399774, 0.399774, 0.399774, 0.399774, 0.398708, 0.398304, 0.398304, 0.398304, 0.397818, 0.397818, 0.397818, 0.397818, 0.397818, 0.397707, 0.397617, 0.397181, 0.397181, 0.397181, 0.397181, 0.397181, 0.397016, 0.397016, 0.396701, 0.396701, 0.396701, 0.396599, 0.396599, 0.396284, 0.396284, 0.396284, 0.396284, 0.396284, 0.395862, 0.395862, 0.395862, 0.395862, 0.395862, 0.395862, 0.395862, 0.395666, 0.395666, 0.395666, 0.395666, 0.395155, 0.395155, 0.395155, 0.394948, 0.394948, 0.394436, 0.394436, 0.394436, 0.394436, 0.394436, 0.394049, 0.394049, 0.394049, 0.394049, 0.394049, 0.393972, 0.393972, 0.393972, 0.393972, 0.393763, 0.393763, 0.393763, 0.393763, 0.393741, 0.393741, 0.393741, 0.393741, 0.393233, 0.393233, 0.393211, 0.392766, 0.392766, 0.392766, 0.392766, 0.392766, 0.392766, 0.392725, 0.392725, 0.392725, 0.392725, 0.392725, 0.392725, 0.392725, 0.392246, 0.392246, 0.392246, 0.392246, 0.392246, 0.392246, 0.391848, 0.391848, 0.391848, 0.391466, 0.391466, 0.391466, 0.391466, 0.391466, 0.391361, 0.391361, 0.391361, 0.391361, 0.391011, 0.391011, 0.390906, 0.390906, 0.390906, 0.390906, 0.390816, 0.389994, 0.389994, 0.389891, 0.389891, 0.389891, 0.389891, 0.389132, 0.389132, 0.389132, 0.389132, 0.389132, 0.389132, 0.389132, 0.389132, 0.389132, 0.389132, 0.389132, 0.388835, 0.388777, 0.388777, 0.388064, 0.388064, 0.388064, 0.388064, 0.38803, 0.387719, 0.387404, 0.387404, 0.387099, 0.387099, 0.38706, 0.386763, 0.386763, 0.386758, 0.386758, 0.386758, 0.386396, 0.386396, 0.386056, 0.386056, 0.386056, 0.385994, 0.385994, 0.385994, 0.385994, 0.385994, 0.385994, 0.385142, 0.385142, 0.385142, 0.385142, 0.384835, 0.384835, 0.384835, 0.384835, 0.384835, 0.384835, 0.384835, 0.384835, 0.384835, 0.384835, 0.384835, 0.384835, 0.384835, 0.384835, 0.384835, 0.384835, 0.384835, 0.384835, 0.384835, 0.384835, 0.384835, 0.384835, 0.384835, 0.384835, 0.384742, 0.384742, 0.38417, 0.38417, 0.38417, 0.38417, 0.384034, 0.384034, 0.384034, 0.384034, 0.384034, 0.383985, 0.383831, 0.383831, 0.383646, 0.383646, 0.383646, 0.383633, 0.383633, 0.383488, 0.383488, 0.383303, 0.383303, 0.383303, 0.383131, 0.383131, 0.383131, 0.383131, 0.383131, 0.382609, 0.382609, 0.382609, 0.382437, 0.382437, 0.382416, 0.382407, 0.382407, 0.382243, 0.382208, 0.382208, 0.381154, 0.381154, 0.380604, 0.380604, 0.380604, 0.380604, 0.379757, 0.379757, 0.379757, 0.379757, 0.379757, 0.379441, 0.37871, 0.37871, 0.37871, 0.378511, 0.377883, 0.377789, 0.377789, 0.377789, 0.37738, 0.37738, 0.37738, 0.37738, 0.37738, 0.37738, 0.37738, 0.37738, 0.37738, 0.37738, 0.37721, 0.37721, 0.37721, 0.37721, 0.37721, 0.37721, 0.37721, 0.37721, 0.37721, 0.377006, 0.377006, 0.377006, 0.376531, 0.376531, 0.376531, 0.376327, 0.376327, 0.376327, 0.376327, 0.376327, 0.376327, 0.376327, 0.376327, 0.376327, 0.376327, 0.376327, 0.376327, 0.376327, 0.376327, 0.376327, 0.376327, 0.376327, 0.376327, 0.376327, 0.376237, 0.376237, 0.376237, 0.376237, 0.376237, 0.376237, 0.376237, 0.376237, 0.376237, 0.376237, 0.376237, 0.376237, 0.376237, 0.376237, 0.376237, 0.376237, 0.376237, 0.376237, 0.376237, 0.376237, 0.376237, 0.376237, 0.376237, 0.376237, 0.376237, 0.376237, 0.376237, 0.375748, 0.375748, 0.375748, 0.375581, 0.375581, 0.375098, 0.375098, 0.375098, 0.375098, 0.375098, 0.375098, 0.374046, 0.374046, 0.374046, 0.374046, 0.374046, 0.374046, 0.373886, 0.373886, 0.373886, 0.373886, 0.372697, 0.372697, 0.372697, 0.372697, 0.372697, 0.372697, 0.372697, 0.372663, 0.372663, 0.372663, 0.372663, 0.372663, 0.372663, 0.372663, 0.372663, 0.372663, 0.372663, 0.372663, 0.372663, 0.372663, 0.372663, 0.372663, 0.372388, 0.372388, 0.372388, 0.372388, 0.372388, 0.372388, 0.372388, 0.372388, 0.372388, 0.372388, 0.372388, 0.372069, 0.372031, 0.372031, 0.372031, 0.372031, 0.371135, 0.370792, 0.370792, 0.370792, 0.370792, 0.370792, 0.370792, 0.370792, 0.370792, 0.370792, 0.370792, 0.370792, 0.370792, 0.370792, 0.37057, 0.370101, 0.370101, 0.370101, 0.370101, 0.369855, 0.369855, 0.369855, 0.369855, 0.369855, 0.369855, 0.369855, 0.369855, 0.369855, 0.369855, 0.369855, 0.369855, 0.369815, 0.369507, 0.369507, 0.369507, 0.369507, 0.369507, 0.369507, 0.369243, 0.368935, 0.368935, 0.368935, 0.368935, 0.368814, 0.368066, 0.368066, 0.366575, 0.366575, 0.366575, 0.366575, 0.366575, 0.366575, 0.366575, 0.366446, 0.366446, 0.366446, 0.366446, 0.365021, 0.364948, 0.364863, 0.364863, 0.364863, 0.364863, 0.364863, 0.364831, 0.364831, 0.364831, 0.364733, 0.364733, 0.364701, 0.364701, 0.364701, 0.364701, 0.364701, 0.364701, 0.364417, 0.364417, 0.364417, 0.364417, 0.364417, 0.364417, 0.364417, 0.364359, 0.364359, 0.364359, 0.364359, 0.364359, 0.364359, 0.364359, 0.364112, 0.364112, 0.364112, 0.363398, 0.363398, 0.363398, 0.363151, 0.363151, 0.363151, 0.361798, 0.361798, 0.361798, 0.361798, 0.361798, 0.361798, 0.361798, 0.361789, 0.361789, 0.361789, 0.361554, 0.361554, 0.361554, 0.361554, 0.361554, 0.361554, 0.360744, 0.360716, 0.360716, 0.360716, 0.360716, 0.360362, 0.360362, 0.359907, 0.359907, 0.359499, 0.359499, 0.359499, 0.359499, 0.358666, 0.358666, 0.358666, 0.358666, 0.358666, 0.358666, 0.358666, 0.358532, 0.358532, 0.358532, 0.358532, 0.358532, 0.35852, 0.35852, 0.35852, 0.35852, 0.35852, 0.35845, 0.358228, 0.358228, 0.358141, 0.357132, 0.357132, 0.357132, 0.357132, 0.357132, 0.356835, 0.356823, 0.35668, 0.35668, 0.35668, 0.35668, 0.356608, 0.356608, 0.356608, 0.356527, 0.356311, 0.356311, 0.356209, 0.355725, 0.355635, 0.355635, 0.355635, 0.355206, 0.355202, 0.355202, 0.355032, 0.353767, 0.353767, 0.353767, 0.353767, 0.353767, 0.353632, 0.353632, 0.353632, 0.353632, 0.353632, 0.353632, 0.353632, 0.353632, 0.35359, 0.35359, 0.35359, 0.35359, 0.35359, 0.353527, 0.353527, 0.353527, 0.353527, 0.353527, 0.353527, 0.353527, 0.353343, 0.353343, 0.353343, 0.353343, 0.353343, 0.353343, 0.353189, 0.353189, 0.353189, 0.352989, 0.352989, 0.352989, 0.352989, 0.352989, 0.352989, 0.352989, 0.352989, 0.352989, 0.352989, 0.352989, 0.352989, 0.352989, 0.352989, 0.352989, 0.352989, 0.352989, 0.352989, 0.352989, 0.352989, 0.352989, 0.352989, 0.352606, 0.352606, 0.352606, 0.352606, 0.352465, 0.352465, 0.352465, 0.352465, 0.352465, 0.352465, 0.352286, 0.352286, 0.352286, 0.352171, 0.351993, 0.351993, 0.351993, 0.351779, 0.351779, 0.351779, 0.351715, 0.351715, 0.351715, 0.351715, 0.350536, 0.350536, 0.350536, 0.350472, 0.350472, 0.350472, 0.350472, 0.350472, 0.350472, 0.350472, 0.350472, 0.350472, 0.350472, 0.349753, 0.349753, 0.349753, 0.349753, 0.349753, 0.349753, 0.349753, 0.349753, 0.349753, 0.349753, 0.349753, 0.349753, 0.349753, 0.349701, 0.349701, 0.349701, 0.349701, 0.349701, 0.349701, 0.34863, 0.34863, 0.34863, 0.348419, 0.347087, 0.347087, 0.347087, 0.347087, 0.347087, 0.347087, 0.345035, 0.344811, 0.344811, 0.344811, 0.344459, 0.344459, 0.344459, 0.344459, 0.344269, 0.344269, 0.343589, 0.343589, 0.343589, 0.343583, 0.343388, 0.343385, 0.343385, 0.343385, 0.3432, 0.3432, 0.3432, 0.34301, 0.3426, 0.3426, 0.342397, 0.342397, 0.342397, 0.342397, 0.342397, 0.342346, 0.342346, 0.34183, 0.34183, 0.34183, 0.34183, 0.34183, 0.341777, 0.341777, 0.341683, 0.341683, 0.341683, 0.340212, 0.340212, 0.340212, 0.340212, 0.340189, 0.33997, 0.33997, 0.33997, 0.339958, 0.339958, 0.339958, 0.338686, 0.338686, 0.338686, 0.338686, 0.338474, 0.33844, 0.338103, 0.337459, 0.337459, 0.337459, 0.337459, 0.337459, 0.336822, 0.336822, 0.336822, 0.336822, 0.336822, 0.336822, 0.336822, 0.336822, 0.336822, 0.336822, 0.336189, 0.336189, 0.336189, 0.336189, 0.336189, 0.336189, 0.336189, 0.335264, 0.335264, 0.335264, 0.335264, 0.335264, 0.335264, 0.335207, 0.335207, 0.335207, 0.335207, 0.335207, 0.335207, 0.335207, 0.335207, 0.335207, 0.335207, 0.333178, 0.333178, 0.333178, 0.333178, 0.333178, 0.333178, 0.332961, 0.332961, 0.332961, 0.33276, 0.33276, 0.33276, 0.33276, 0.33276, 0.33276, 0.33276, 0.332223, 0.332223, 0.332223, 0.332108, 0.332108, 0.332108, 0.332108, 0.332108, 0.332108, 0.332108, 0.332108, 0.332108, 0.332108, 0.332108, 0.332108, 0.332033, 0.332033, 0.331903, 0.331903, 0.331785, 0.331785, 0.331785, 0.331785, 0.331785, 0.331785, 0.331785, 0.331785, 0.331785, 0.331785, 0.331785, 0.331785, 0.331785, 0.331785, 0.331785, 0.329709, 0.329709, 0.329709, 0.329709, 0.327722, 0.327722, 0.32768, 0.327646, 0.326795, 0.325693, 0.325693, 0.325693, 0.325693, 0.325693, 0.325693, 0.325693, 0.325693, 0.325693, 0.325693, 0.323357, 0.323357, 0.323357, 0.323357, 0.323357, 0.323357, 0.323004, 0.323004, 0.323004, 0.323004, 0.323004, 0.323004, 0.323004, 0.32295, 0.32295, 0.32295, 0.32295, 0.32295, 0.32295, 0.32295, 0.32246, 0.32246, 0.322377, 0.322377, 0.322377, 0.322377, 0.322377, 0.322299, 0.322299, 0.322299, 0.322299, 0.322299, 0.322299, 0.322299, 0.322299, 0.322299, 0.322299, 0.322299, 0.322299, 0.322299, 0.322299, 0.322299, 0.322299, 0.322299, 0.322299, 0.322299, 0.322299, 0.322299, 0.321046, 0.321046, 0.321046, 0.320884, 0.320884, 0.320884, 0.320884, 0.320884, 0.320724, 0.318316, 0.318154, 0.318154, 0.317995, 0.317995, 0.317995, 0.317995, 0.317995, 0.317801, 0.317801, 0.317716, 0.317267, 0.317267, 0.317267, 0.317267, 0.317232, 0.317232, 0.317232, 0.317232, 0.317232, 0.317232, 0.316889, 0.316889, 0.316889, 0.316889, 0.316609, 0.316609, 0.316609, 0.316609, 0.316609, 0.316465, 0.316465, 0.316465, 0.316465, 0.316465, 0.31625, 0.31625, 0.316101, 0.316101, 0.316101, 0.316101, 0.316101, 0.316101, 0.316101, 0.315321, 0.315321, 0.315172, 0.315172, 0.315172, 0.315172, 0.315172, 0.315172, 0.315172, 0.315172, 0.314967, 0.314967, 0.314967, 0.314967, 0.314967, 0.314967, 0.314967, 0.314967, 0.314967, 0.314967, 0.314785, 0.314785, 0.314785, 0.314785, 0.314785, 0.314785, 0.314785, 0.314785, 0.314785, 0.314785, 0.314785, 0.314629, 0.314629, 0.314629, 0.314629, 0.314629, 0.314629, 0.314629, 0.314629, 0.314629, 0.314629, 0.314629, 0.314629, 0.314629, 0.314629, 0.314479, 0.314479, 0.314479, 0.314479, 0.314479, 0.314479, 0.314479, 0.314479, 0.314479, 0.314479, 0.314479, 0.314479, 0.3142, 0.3142, 0.3142, 0.3142, 0.3142, 0.3142, 0.3142, 0.314052, 0.314052, 0.314052, 0.314052, 0.314052, 0.314052, 0.314052, 0.314052, 0.314052, 0.314052, 0.314052, 0.313987, 0.31371, 0.31371, 0.313651, 0.313651, 0.313651, 0.313645, 0.313645, 0.313464, 0.313464, 0.313464, 0.313399, 0.313392, 0.313392, 0.313379, 0.313379, 0.313379, 0.313358, 0.313222, 0.312796, 0.312762, 0.312762, 0.312626, 0.312559, 0.312366, 0.312366, 0.312133, 0.312133, 0.312133, 0.312133, 0.312133, 0.312133, 0.312133, 0.312133, 0.312133, 0.312133, 0.312133, 0.312133, 0.312133, 0.312133, 0.312133, 0.312133, 0.312041, 0.311878, 0.311878, 0.311878, 0.311878, 0.311878, 0.311786, 0.311786, 0.311786, 0.311786, 0.311786, 0.311786, 0.311786, 0.311609, 0.311609, 0.309821, 0.309644, 0.309018, 0.309018, 0.309018, 0.309018, 0.309018, 0.308841, 0.308841, 0.308841, 0.308841, 0.308573, 0.308573, 0.308573, 0.308373, 0.308373, 0.308373, 0.308373, 0.308373, 0.308373, 0.306425, 0.306425, 0.306425, 0.306425, 0.306425, 0.306425, 0.306425, 0.306425, 0.306351, 0.306351, 0.306351, 0.306351, 0.306351, 0.306351, 0.306351, 0.306351, 0.306351, 0.306351, 0.306351, 0.306351, 0.306351, 0.306351, 0.306351, 0.306351, 0.306351, 0.306351, 0.306351, 0.306351, 0.305723, 0.305723, 0.305723, 0.305723, 0.305723, 0.305292, 0.305292, 0.305292, 0.305292, 0.305292, 0.305292, 0.305292, 0.305292, 0.305292, 0.305292, 0.305292, 0.305292, 0.305292, 0.305292, 0.305292, 0.305292, 0.305292, 0.305084, 0.305084, 0.305084, 0.305084, 0.305084, 0.304512, 0.304512, 0.304512, 0.302713, 0.302713, 0.30214, 0.301958, 0.301958, 0.301958, 0.301958, 0.301654, 0.301654, 0.301654, 0.301654, 0.301654, 0.301654, 0.301654, 0.301654, 0.301654, 0.301392, 0.301392, 0.301392, 0.301392, 0.301392, 0.301392, 0.301392, 0.301392, 0.301392, 0.301392, 0.301392, 0.301272, 0.301001, 0.301001, 0.300852, 0.300852, 0.300852, 0.300852, 0.300749, 0.300738, 0.300738, 0.300738]

./data/bupa_set_CONST_10. Problema M.AGGSF (seed 1):   	8217ms	0.458314	987	0.19381

EVOLUCIÓN M.AGGSF
M.AGGSF=[0.555549, 0.54164, 0.539724, 0.538712, 0.538712, 0.538712, 0.494559, 0.494559, 0.494529, 0.494529, 0.494529, 0.494529, 0.494529, 0.494529, 0.494529, 0.494529, 0.474814, 0.474814, 0.474814, 0.474814, 0.474814, 0.474814, 0.474814, 0.473913, 0.473289, 0.472259, 0.458314]
./data/bupa_set_CONST_20. Problema M.AGGSF (seed 1):   	10746ms	0.462464	1964	0.188602

EVOLUCIÓN M.AGGSF
M.AGGSF=[0.56968, 0.539935, 0.539412, 0.537706, 0.537706, 0.537706, 0.501524, 0.501524, 0.501524, 0.501524, 0.501524, 0.501524, 0.501524, 0.50047, 0.50047, 0.50047, 0.476499, 0.476499, 0.476499, 0.476492, 0.476158, 0.476158, 0.476158, 0.476158, 0.475764, 0.475764, 0.462464]

./data/bupa_set_CONST_10. Problema M.AGGSF (seed 1):   	6476ms	0.268238	383	0.165598

EVOLUCIÓN M.AGGSF
M.AGGSF=[0.559156, 0.538079, 0.536561, 0.536561, 0.536234, 0.535791, 0.534308, 0.534308, 0.534308, 0.534308, 0.5041, 0.503745, 0.503745, 0.503092, 0.501284, 0.500531, 0.500012, 0.500012, 0.500012, 0.499467, 0.485389, 0.485389, 0.485389, 0.485389, 0.484634, 0.484634, 0.484634, 0.484634, 0.484634, 0.484075, 0.470624, 0.470624, 0.470624, 0.46983, 0.46983, 0.46983, 0.467814, 0.467814, 0.467814, 0.465724, 0.454853, 0.454853, 0.454853, 0.454853, 0.453649, 0.453227, 0.453227, 0.450539, 0.450484, 0.449682, 0.444796, 0.444796, 0.444796, 0.443789, 0.443369, 0.437718, 0.437718, 0.436418, 0.436418, 0.436418, 0.425561, 0.425561, 0.425561, 0.424255, 0.423696, 0.421009, 0.421009, 0.420159, 0.420159, 0.420159, 0.407176, 0.405354, 0.404938, 0.403857, 0.403857, 0.403857, 0.403565, 0.401823, 0.399595, 0.399595, 0.389262, 0.389262, 0.389262, 0.389262, 0.389262, 0.389262, 0.389262, 0.385325, 0.385325, 0.384528, 0.384528, 0.384098, 0.383898, 0.383294, 0.382118, 0.381214, 0.380875, 0.380161, 0.380161, 0.380029, 0.361902, 0.361902, 0.361902, 0.361902, 0.361902, 0.361902, 0.361003, 0.361003, 0.361003, 0.361003, 0.354791, 0.354791, 0.353042, 0.353042, 0.351964, 0.351964, 0.349791, 0.349791, 0.349591, 0.347513, 0.335836, 0.335836, 0.335836, 0.335836, 0.334637, 0.332792, 0.332792, 0.332771, 0.332771, 0.331998, 0.329645, 0.329066, 0.329066, 0.32847, 0.327922, 0.327052, 0.323554, 0.323554, 0.323554, 0.323554, 0.316522, 0.316522, 0.316522, 0.316522, 0.316522, 0.316522, 0.316522, 0.316382, 0.316193, 0.316193, 0.311613, 0.311613, 0.309971, 0.30891, 0.308639, 0.308639, 0.308639, 0.307824, 0.307824, 0.307824, 0.299557, 0.299557, 0.298172, 0.298172, 0.298172, 0.298172, 0.298172, 0.298172, 0.298172, 0.297986, 0.295542, 0.295542, 0.295542, 0.29498, 0.29498, 0.294262, 0.294262, 0.294156, 0.29397, 0.29397, 0.291529, 0.291434, 0.290433, 0.290433, 0.290043, 0.289579, 0.289579, 0.289579, 0.289188, 0.288404, 0.288305, 0.288305, 0.288235, 0.287131, 0.287118, 0.287118, 0.287118, 0.287118, 0.286529, 0.286529, 0.284725, 0.284725, 0.284725, 0.284725, 0.28402, 0.28402, 0.28402, 0.283953, 0.283699, 0.283058, 0.28299, 0.28299, 0.282616, 0.28227, 0.28227, 0.28227, 0.28227, 0.28201, 0.281642, 0.281642, 0.280448, 0.280448, 0.279099, 0.279099, 0.279099, 0.278686, 0.278686, 0.278686, 0.278686, 0.278686, 0.277537, 0.27668, 0.27668, 0.27668, 0.27668, 0.27668, 0.276628, 0.276628, 0.276628, 0.276628, 0.276289, 0.276289, 0.276289, 0.276003, 0.274519, 0.274478, 0.274391, 0.274374, 0.274216, 0.274183, 0.274024, 0.274024, 0.273234, 0.272803, 0.272803, 0.271686, 0.271686, 0.271686, 0.271686, 0.271455, 0.271126, 0.271126, 0.271113, 0.271113, 0.270881, 0.270881, 0.270795, 0.270795, 0.270464, 0.270464, 0.270372, 0.27014, 0.27014, 0.27014, 0.270065, 0.270065, 0.270065, 0.270065, 0.270065, 0.269841, 0.269841, 0.269841, 0.269841, 0.269841, 0.269841, 0.269841, 0.269586, 0.269586, 0.269373, 0.269373, 0.269077, 0.269077, 0.269077, 0.269077, 0.26895, 0.26895, 0.26895, 0.268413, 0.268349, 0.268238, 0.268238, 0.268238, 0.268238, 0.268238, 0.268238, 0.268238, 0.268238, 0.268238, 0.268238, 0.268238, 0.268238]
./data/bupa_set_CONST_20. Problema M.AGGSF (seed 1):   	8009ms	0.240153	675	0.14603

EVOLUCIÓN M.AGGSF
M.AGGSF=[0.556689, 0.540213, 0.540213, 0.540213, 0.537061, 0.536995, 0.536995, 0.533926, 0.533926, 0.532756, 0.502918, 0.502918, 0.502918, 0.502918, 0.502595, 0.502595, 0.502595, 0.502595, 0.502595, 0.502595, 0.487797, 0.487797, 0.486937, 0.486937, 0.485253, 0.485167, 0.484302, 0.482441, 0.482441, 0.481506, 0.467268, 0.467268, 0.467268, 0.467268, 0.467268, 0.467268, 0.467268, 0.466112, 0.465687, 0.465218, 0.451545, 0.451312, 0.451312, 0.451312, 0.451312, 0.451312, 0.450483, 0.450483, 0.449031, 0.448539, 0.437081, 0.437081, 0.437081, 0.437081, 0.435193, 0.435193, 0.431424, 0.431424, 0.431424, 0.431424, 0.420465, 0.420465, 0.420292, 0.420292, 0.419427, 0.417784, 0.417784, 0.415758, 0.415758, 0.41555, 0.409977, 0.409977, 0.40962, 0.409588, 0.409138, 0.407492, 0.407492, 0.407492, 0.406406, 0.406208, 0.400312, 0.400312, 0.399331, 0.399331, 0.395493, 0.395493, 0.393887, 0.393887, 0.393887, 0.393694, 0.388519, 0.388519, 0.388519, 0.3867, 0.385209, 0.384843, 0.384582, 0.382494, 0.382157, 0.382157, 0.373453, 0.370115, 0.370115, 0.370115, 0.370115, 0.370115, 0.370115, 0.370115, 0.370042, 0.369907, 0.365109, 0.363997, 0.362781, 0.362757, 0.362757, 0.362551, 0.362517, 0.361082, 0.361082, 0.361069, 0.358682, 0.358682, 0.358682, 0.35596, 0.355698, 0.353993, 0.353993, 0.352277, 0.352277, 0.352231, 0.347243, 0.347243, 0.346299, 0.344984, 0.344984, 0.34411, 0.34384, 0.343305, 0.343305, 0.342654, 0.340088, 0.340088, 0.340088, 0.337327, 0.337327, 0.336995, 0.336897, 0.335415, 0.335415, 0.334924, 0.330096, 0.330096, 0.330096, 0.330096, 0.324376, 0.323413, 0.32314, 0.32314, 0.32314, 0.322568, 0.319993, 0.319993, 0.319993, 0.317953, 0.317953, 0.316721, 0.314699, 0.314591, 0.313979, 0.312646, 0.310097, 0.310097, 0.309365, 0.309365, 0.306659, 0.306659, 0.306418, 0.30508, 0.302356, 0.302356, 0.302356, 0.301971, 0.301971, 0.301116, 0.29984, 0.29984, 0.298525, 0.298335, 0.298335, 0.297895, 0.296061, 0.296061, 0.293743, 0.293743, 0.293382, 0.293382, 0.291409, 0.291409, 0.291409, 0.290986, 0.288276, 0.288276, 0.288276, 0.288276, 0.287271, 0.285043, 0.285043, 0.284164, 0.284148, 0.284148, 0.282189, 0.281186, 0.281186, 0.27841, 0.27841, 0.27841, 0.276275, 0.276275, 0.276209, 0.276209, 0.272081, 0.272081, 0.271492, 0.271425, 0.270463, 0.270463, 0.270463, 0.269836, 0.269836, 0.269836, 0.266682, 0.266526, 0.265738, 0.265738, 0.265056, 0.265056, 0.265056, 0.263806, 0.261442, 0.261442, 0.261442, 0.260133, 0.260133, 0.260029, 0.260029, 0.260029, 0.260029, 0.260029, 0.260029, 0.260029, 0.25903, 0.25903, 0.25903, 0.258978, 0.257624, 0.257187, 0.256714, 0.256197, 0.256197, 0.256197, 0.256197, 0.256197, 0.256197, 0.256197, 0.256197, 0.256197, 0.256197, 0.256197, 0.256197, 0.256197, 0.254046, 0.254046, 0.252087, 0.252087, 0.252087, 0.250786, 0.250786, 0.250038, 0.249406, 0.249159, 0.249159, 0.249159, 0.248769, 0.248515, 0.248515, 0.248164, 0.248164, 0.248164, 0.248164, 0.246852, 0.24614, 0.24614, 0.245476, 0.244602, 0.244432, 0.243884, 0.243785, 0.243164, 0.242877, 0.242877, 0.2425, 0.241494, 0.24088, 0.24088, 0.240488, 0.240153, 0.240153, 0.240153]

./data/bupa_set_CONST_10. Problema M.AGGSF (seed 1):   	6307ms	0.293402	422	0.180311
./data/bupa_set_CONST_20. Problema M.AGGSF (seed 1):   	8305ms	0.33483	1314	0.151604
