--------------------------------------------------------------------------
Reading: ./data/glass_set.dat
--------------------------------------------------------------------------

--------------------------------------------------------------------------
Reading: ./data/glass_set_const_10.const ,./data/glass_set_const_20.const
--------------------------------------------------------------------------


SEMILLA 1						Time 	FitFunc 	Infeas 	Desviacion
./data/glass_set_CONST_10. Problema COPKM (seed 1):	14ms	0.393281	4	0.389345

Fin del algoritmo Greedy en 5 iteraciones
./data/glass_set_CONST_20. Problema COPKM (seed 1):	21ms	0.355634	0	0.355634

Fin del algoritmo Greedy en 6 iteraciones
./data/glass_set_CONST_10. Problema BL (seed 1):   	491ms	0.244904	58	0.18783	IteracionesBL: 11360

Fin del algoritmo Búsqueda Local en 11360 iteraciones
./data/glass_set_CONST_20. Problema BL (seed 1):   	437ms	0.271521	41	0.250176	IteracionesBL: 9667

Fin del algoritmo Búsqueda Local en 9667 iteraciones
./data/glass_set_CONST_10. Problema AGEUN (seed 1):   	4267ms	0.261902	50	0.2127
./data/glass_set_CONST_20. Problema AGEUN (seed 1):   	4764ms	0.266682	39	0.246378
./data/glass_set_CONST_10. Problema AGESF (seed 1):   	3921ms	0.254102	61	0.194076
./data/glass_set_CONST_20. Problema AGESF (seed 1):   	4468ms	0.26551	93	0.217093
./data/glass_set_CONST_10. Problema AGGUN (seed 1):   	4209ms	0.341471	102	0.241099
./data/glass_set_CONST_20. Problema AGGUN (seed 1):   	4734ms	0.279347	57	0.249672
./data/glass_set_CONST_10. Problema AGGSF (seed 1):   	3934ms	0.301892	93	0.210376

EVOLUCIÓN AGGSF
AGGSF=[1.13765, 1.10812, 1.10326, 1.09742, 1.09351, 1.07483, 1.07483, 1.07483, 1.07438, 1.07438, 1.065, 1.06495, 1.06495, 1.06113, 1.05992, 1.0554, 1.0554, 1.05505, 1.05263, 1.05263, 1.05263, 1.05166, 1.05166, 1.05132, 1.04942, 1.04885, 1.04555, 1.04555, 1.04388, 1.04349, 1.0425, 1.04186, 1.04045, 1.04026, 1.0386, 1.0386, 1.0386, 1.03756, 1.03553, 1.03553, 1.03299, 1.03095, 1.03095, 1.03095, 1.03095, 1.02964, 1.02603, 1.02603, 1.02274, 1.02274, 1.02172, 1.02093, 1.01974, 1.01974, 1.01785, 1.01785, 1.01652, 1.01507, 1.01251, 1.01251, 1.01251, 1.0125, 1.01082, 1.00664, 1.006, 1.006, 1.00585, 1.00456, 1.00456, 1.00456, 1.0035, 1.0035, 0.997356, 0.997356, 0.996862, 0.99666, 0.994745, 0.994125, 0.994125, 0.99375, 0.991986, 0.991643, 0.989184, 0.98884, 0.987694, 0.984404, 0.984404, 0.982338, 0.982338, 0.982338, 0.982338, 0.981091, 0.980342, 0.978934, 0.978934, 0.978934, 0.978934, 0.97785, 0.97785, 0.975985, 0.975985, 0.975985, 0.973795, 0.972711, 0.972523, 0.972523, 0.972523, 0.970557, 0.970431, 0.970431, 0.966416, 0.966416, 0.966265, 0.966265, 0.966265, 0.965169, 0.965169, 0.962478, 0.962478, 0.962327, 0.961231, 0.961231, 0.960276, 0.960276, 0.958499, 0.958088, 0.956037, 0.956037, 0.955339, 0.955339, 0.953288, 0.951509, 0.950572, 0.950572, 0.949372, 0.949372, 0.949372, 0.948068, 0.948068, 0.94665, 0.94665, 0.94665, 0.944658, 0.942798, 0.937894, 0.937894, 0.937675, 0.937675, 0.937482, 0.936946, 0.935905, 0.935905, 0.935493, 0.935493, 0.935493, 0.935493, 0.935493, 0.935493, 0.934495, 0.932673, 0.932673, 0.932673, 0.932616, 0.929882, 0.929882, 0.929882, 0.929882, 0.929825, 0.929825, 0.926837, 0.926326, 0.926326, 0.92484, 0.92484, 0.923782, 0.923498, 0.922988, 0.922052, 0.922052, 0.921395, 0.920501, 0.920501, 0.919025, 0.919025, 0.917292, 0.917292, 0.917292, 0.915506, 0.915506, 0.915506, 0.914466, 0.914466, 0.914466, 0.913354, 0.913354, 0.913354, 0.912065, 0.912065, 0.911886, 0.911886, 0.911886, 0.91152, 0.91152, 0.911274, 0.907453, 0.907453, 0.907453, 0.907453, 0.907207, 0.907207, 0.906372, 0.90618, 0.90618, 0.905079, 0.905079, 0.903143, 0.903143, 0.901307, 0.901307, 0.900521, 0.900521, 0.900521, 0.899935, 0.898279, 0.898279, 0.898279, 0.898279, 0.898013, 0.896083, 0.896083, 0.896083, 0.896083, 0.890654, 0.890654, 0.890654, 0.890654, 0.890654, 0.890654, 0.890121, 0.890121, 0.887771, 0.887771, 0.887021, 0.887018, 0.887018, 0.887018, 0.886243, 0.886243, 0.88217, 0.88217, 0.88217, 0.881527, 0.881148, 0.880585, 0.880434, 0.880396, 0.880396, 0.880396, 0.880057, 0.880057, 0.879342, 0.875612, 0.875612, 0.875612, 0.875612, 0.873364, 0.873202, 0.872299, 0.872299, 0.872299, 0.871647, 0.869081, 0.868993, 0.868993, 0.868429, 0.865812, 0.862874, 0.862874, 0.862874, 0.86163, 0.861179, 0.861179, 0.859696, 0.859696, 0.859696, 0.859696, 0.857037, 0.857037, 0.857037, 0.857037, 0.857037, 0.855841, 0.855841, 0.85278, 0.85278, 0.85278, 0.850605, 0.850605, 0.850605, 0.850605, 0.850605, 0.846347, 0.846347, 0.846347, 0.846347, 0.845777, 0.845777, 0.845617, 0.845617, 0.843659, 0.842918, 0.842918, 0.842918, 0.842918, 0.842918, 0.842918, 0.842918, 0.841759, 0.841759, 0.841759, 0.840991, 0.840991, 0.840786, 0.840786, 0.838777, 0.838777, 0.838777, 0.838777, 0.837741, 0.837741, 0.83734, 0.83734, 0.83734, 0.83734, 0.836526, 0.836526, 0.835093, 0.834401, 0.832823, 0.832823, 0.832823, 0.832823, 0.83016, 0.83016, 0.83016, 0.83016, 0.83016, 0.83016, 0.83016, 0.828628, 0.828628, 0.828628, 0.828628, 0.828333, 0.827779, 0.826267, 0.826267, 0.826267, 0.826267, 0.826267, 0.825418, 0.824787, 0.824787, 0.824787, 0.824787, 0.824787, 0.822862, 0.822486, 0.822486, 0.82218, 0.82218, 0.82158, 0.82158, 0.82158, 0.82158, 0.820483, 0.820483, 0.820483, 0.820483, 0.820272, 0.820269, 0.818885, 0.816996, 0.816996, 0.816996, 0.816996, 0.81484, 0.814539, 0.813575, 0.813504, 0.813504, 0.810637, 0.809369, 0.809369, 0.809369, 0.809369, 0.805075, 0.805075, 0.805075, 0.804469, 0.804469, 0.804469, 0.803716, 0.803716, 0.803716, 0.803716, 0.798432, 0.798432, 0.798432, 0.797104, 0.797104, 0.797104, 0.794192, 0.794192, 0.794192, 0.794192, 0.794192, 0.794192, 0.794192, 0.793338, 0.793338, 0.793338, 0.793338, 0.793338, 0.791069, 0.791069, 0.790216, 0.790216, 0.790216, 0.789733, 0.789733, 0.789733, 0.789733, 0.789733, 0.788277, 0.788277, 0.787795, 0.787795, 0.787795, 0.787795, 0.787795, 0.787303, 0.787004, 0.787004, 0.787004, 0.787004, 0.787004, 0.786513, 0.786513, 0.786513, 0.786513, 0.786513, 0.786513, 0.786513, 0.786513, 0.786513, 0.785768, 0.785768, 0.784599, 0.783765, 0.783765, 0.783765, 0.783765, 0.783765, 0.783167, 0.783167, 0.783167, 0.782714, 0.781783, 0.781783, 0.781783, 0.781783, 0.780732, 0.778768, 0.776511, 0.776511, 0.776511, 0.775999, 0.775999, 0.773371, 0.773371, 0.773371, 0.773371, 0.773371, 0.773024, 0.773024, 0.773024, 0.773024, 0.773024, 0.773024, 0.773024, 0.773024, 0.772217, 0.772217, 0.772217, 0.771726, 0.770913, 0.770913, 0.770913, 0.770913, 0.770124, 0.769772, 0.769772, 0.769039, 0.769039, 0.768279, 0.768279, 0.768279, 0.767922, 0.76769, 0.76769, 0.766574, 0.766574, 0.766248, 0.766064, 0.766064, 0.766064, 0.764878, 0.761259, 0.761259, 0.761259, 0.759981, 0.759755, 0.759755, 0.759755, 0.759654, 0.759654, 0.759654, 0.758544, 0.758452, 0.75823, 0.757382, 0.757382, 0.756944, 0.755049, 0.755049, 0.755049, 0.753851, 0.753851, 0.753851, 0.753736, 0.752359, 0.752359, 0.752359, 0.751477, 0.751129, 0.751129, 0.751086, 0.751086, 0.7497, 0.7497, 0.74818, 0.74818, 0.74663, 0.74663, 0.74663, 0.746586, 0.746586, 0.746586, 0.746586, 0.746586, 0.746586, 0.746586, 0.746586, 0.746586, 0.745958, 0.745958, 0.745219, 0.745219, 0.745219, 0.744591, 0.744591, 0.744591, 0.744591, 0.740968, 0.740968, 0.740968, 0.740968, 0.740968, 0.740639, 0.740639, 0.740639, 0.740639, 0.738092, 0.738092, 0.738092, 0.73784, 0.73784, 0.73784, 0.73784, 0.73784, 0.737166, 0.736881, 0.736881, 0.734865, 0.734865, 0.734865, 0.734865, 0.734865, 0.733906, 0.733906, 0.733906, 0.733906, 0.731096, 0.731096, 0.731096, 0.728784, 0.725789, 0.725789, 0.725789, 0.725789, 0.723794, 0.720404, 0.720404, 0.720404, 0.720404, 0.720404, 0.718817, 0.718817, 0.718817, 0.718817, 0.718817, 0.718817, 0.718817, 0.718159, 0.718159, 0.718159, 0.71618, 0.71618, 0.715468, 0.715468, 0.715468, 0.715468, 0.715468, 0.713449, 0.713449, 0.713449, 0.713449, 0.712539, 0.711336, 0.710466, 0.710466, 0.708115, 0.708115, 0.708115, 0.708115, 0.708115, 0.708115, 0.707121, 0.70641, 0.70641, 0.70641, 0.70641, 0.70641, 0.705419, 0.705419, 0.704412, 0.704412, 0.704412, 0.704412, 0.703582, 0.703582, 0.703582, 0.703287, 0.703287, 0.702782, 0.702782, 0.702364, 0.700919, 0.70054, 0.692619, 0.692154, 0.691736, 0.689244, 0.689244, 0.689244, 0.689244, 0.689244, 0.689244, 0.689244, 0.687556, 0.687556, 0.687556, 0.687556, 0.686526, 0.686526, 0.686526, 0.686526, 0.686364, 0.686364, 0.686364, 0.685039, 0.685039, 0.685039, 0.685039, 0.684877, 0.684877, 0.684877, 0.684877, 0.684877, 0.684233, 0.677052, 0.677052, 0.677052, 0.676412, 0.676412, 0.676412, 0.676412, 0.676412, 0.676412, 0.676412, 0.675789, 0.675789, 0.674215, 0.674215, 0.674215, 0.673593, 0.673593, 0.673593, 0.673593, 0.673593, 0.673593, 0.673593, 0.672199, 0.672199, 0.671786, 0.670407, 0.670407, 0.670407, 0.670407, 0.670407, 0.670407, 0.670407, 0.670407, 0.670407, 0.667211, 0.667211, 0.667211, 0.667211, 0.666047, 0.666047, 0.666047, 0.666047, 0.666047, 0.666047, 0.661942, 0.661942, 0.661942, 0.661942, 0.661447, 0.661447, 0.661447, 0.661447, 0.661447, 0.661447, 0.661447, 0.661447, 0.661447, 0.661447, 0.661447, 0.661447, 0.661447, 0.661447, 0.661447, 0.661447, 0.661447, 0.659861, 0.659861, 0.659861, 0.659861, 0.659861, 0.659861, 0.659665, 0.659665, 0.659665, 0.659665, 0.659665, 0.659665, 0.659665, 0.659665, 0.658623, 0.658623, 0.658623, 0.658623, 0.658623, 0.658623, 0.658623, 0.658623, 0.657788, 0.657788, 0.657788, 0.656781, 0.656781, 0.652651, 0.651823, 0.650809, 0.649222, 0.649222, 0.649222, 0.645141, 0.645141, 0.643277, 0.643277, 0.643277, 0.643277, 0.643277, 0.643277, 0.643277, 0.643277, 0.643277, 0.64105, 0.64105, 0.640026, 0.640026, 0.632636, 0.629353, 0.629353, 0.629353, 0.629353, 0.626489, 0.626489, 0.626489, 0.626489, 0.62603, 0.624263, 0.624263, 0.624263, 0.624263, 0.624263, 0.624263, 0.624263, 0.624263, 0.622218, 0.622218, 0.622218, 0.622218, 0.620323, 0.620323, 0.620323, 0.620323, 0.620323, 0.620041, 0.620041, 0.619963, 0.619963, 0.619963, 0.619655, 0.619655, 0.619655, 0.619655, 0.619655, 0.619655, 0.61881, 0.61881, 0.61881, 0.61881, 0.61881, 0.61881, 0.61881, 0.61881, 0.61881, 0.61881, 0.615869, 0.615869, 0.615869, 0.615869, 0.615869, 0.615805, 0.615805, 0.615805, 0.615805, 0.61321, 0.61321, 0.61316, 0.61316, 0.61316, 0.61316, 0.612027, 0.612027, 0.612027, 0.612027, 0.612027, 0.612027, 0.612027, 0.612027, 0.612027, 0.612027, 0.61084, 0.61084, 0.607987, 0.607987, 0.607987, 0.607987, 0.60756, 0.604707, 0.604707, 0.604707, 0.604707, 0.604707, 0.604707, 0.604707, 0.604707, 0.604314, 0.604314, 0.604314, 0.603314, 0.603314, 0.603314, 0.603314, 0.603314, 0.603314, 0.603219, 0.603219, 0.603219, 0.603219, 0.603219, 0.603219, 0.603219, 0.603219, 0.601112, 0.601112, 0.601112, 0.601112, 0.598196, 0.598196, 0.597831, 0.597831, 0.597831, 0.597831, 0.597831, 0.597831, 0.597512, 0.597512, 0.596899, 0.596899, 0.59658, 0.59658, 0.59658, 0.59658, 0.59658, 0.59658, 0.59658, 0.59658, 0.59658, 0.59658, 0.59658, 0.59658, 0.59658, 0.59658, 0.592554, 0.592554, 0.592554, 0.592554, 0.591135, 0.591135, 0.5877, 0.5877, 0.5877, 0.586282, 0.586282, 0.586282, 0.586282, 0.586282, 0.586282, 0.585933, 0.585361, 0.585361, 0.585361, 0.585361, 0.585361, 0.584471, 0.584471, 0.584471, 0.584471, 0.584471, 0.584471, 0.584471, 0.584471, 0.584471, 0.584471, 0.583633, 0.583633, 0.583633, 0.583509, 0.583509, 0.583509, 0.582713, 0.582713, 0.582713, 0.582713, 0.582713, 0.582713, 0.582713, 0.573096, 0.573096, 0.573096, 0.573096, 0.573096, 0.573096, 0.573096, 0.573096, 0.573096, 0.573096, 0.573096, 0.573096, 0.573096, 0.570941, 0.570629, 0.570629, 0.570058, 0.569561, 0.568474, 0.567496, 0.56642, 0.56642, 0.56642, 0.56642, 0.56642, 0.56565, 0.56565, 0.564997, 0.564997, 0.564997, 0.564997, 0.561453, 0.561453, 0.560677, 0.560677, 0.559958, 0.559876, 0.559876, 0.559156, 0.559156, 0.559156, 0.558882, 0.558882, 0.556545, 0.556545, 0.556545, 0.555891, 0.555891, 0.555891, 0.555178, 0.555178, 0.555178, 0.554525, 0.554525, 0.5474, 0.5474, 0.5474, 0.5474, 0.546747, 0.546747, 0.546747, 0.546747, 0.546747, 0.546747, 0.546747, 0.546747, 0.546747, 0.546747, 0.546747, 0.546747, 0.546123, 0.546123, 0.546123, 0.546123, 0.546123, 0.543371, 0.543371, 0.542675, 0.542675, 0.542675, 0.536946, 0.536946, 0.533498, 0.533498, 0.533498, 0.533498, 0.533498, 0.533498, 0.533498, 0.533498, 0.533498, 0.533498, 0.533498, 0.533498, 0.533498, 0.533498, 0.533498, 0.531781, 0.531781, 0.525938, 0.525938, 0.525938, 0.520378, 0.520378, 0.520378, 0.520378, 0.520378, 0.520112, 0.520112, 0.520112, 0.520112, 0.520112, 0.520112, 0.520112, 0.520112, 0.520112, 0.520112, 0.520112, 0.520112, 0.51921, 0.51921, 0.51921, 0.51921, 0.51921, 0.51921, 0.51921, 0.51921, 0.51921, 0.51921, 0.51921, 0.51921, 0.51921, 0.51921, 0.51921, 0.51921, 0.51921, 0.51921, 0.51921, 0.51921, 0.51921, 0.51921, 0.51921, 0.517326, 0.517326, 0.517326, 0.517326, 0.517033, 0.517033, 0.517033, 0.517033, 0.517033, 0.517033, 0.517033, 0.517033, 0.517033, 0.517033, 0.517033, 0.517033, 0.516396, 0.516396, 0.516396, 0.516396, 0.516396, 0.516396, 0.516396, 0.515974, 0.515974, 0.515974, 0.515974, 0.51327, 0.51274, 0.51274, 0.51274, 0.51274, 0.51274, 0.51274, 0.51274, 0.511253, 0.511253, 0.511253, 0.511253, 0.511253, 0.510304, 0.508987, 0.508987, 0.508987, 0.508211, 0.508211, 0.508211, 0.508211, 0.508211, 0.508211, 0.505929, 0.505929, 0.505929, 0.505929, 0.505809, 0.505809, 0.505809, 0.505809, 0.505509, 0.505389, 0.499042, 0.499042, 0.499042, 0.499042, 0.498583, 0.498583, 0.498583, 0.498339, 0.498339, 0.498339, 0.497335, 0.497335, 0.495165, 0.495165, 0.495165, 0.494203, 0.494203, 0.494203, 0.494203, 0.494203, 0.494203, 0.494203, 0.494203, 0.494203, 0.494203, 0.494203, 0.494203, 0.494203, 0.49371, 0.49371, 0.49371, 0.49371, 0.49371, 0.49371, 0.49371, 0.492899, 0.487926, 0.487926, 0.487197, 0.487197, 0.484817, 0.484817, 0.484817, 0.484381, 0.484381, 0.484381, 0.484381, 0.484381, 0.484381, 0.484381, 0.483944, 0.483944, 0.483944, 0.483944, 0.483944, 0.483944, 0.483944, 0.482609, 0.482609, 0.482609, 0.482609, 0.482609, 0.482609, 0.482609, 0.482609, 0.482609, 0.482609, 0.481176, 0.481176, 0.481176, 0.480266, 0.480266, 0.47881, 0.47881, 0.47881, 0.476767, 0.476767, 0.476767, 0.476767, 0.476767, 0.476333, 0.476333, 0.473278, 0.472036, 0.472036, 0.472036, 0.472036, 0.468553, 0.468553, 0.468553, 0.468553, 0.466975, 0.466975, 0.466975, 0.466975, 0.466975, 0.466975, 0.464301, 0.464301, 0.464301, 0.464301, 0.464301, 0.464301, 0.464301, 0.464301, 0.464301, 0.464301, 0.464301, 0.464301, 0.464301, 0.464301, 0.464301, 0.464301, 0.464301, 0.464301, 0.464301, 0.46295, 0.46295, 0.461501, 0.461501, 0.461501, 0.461501, 0.46046, 0.46046, 0.46046, 0.46046, 0.46046, 0.46046, 0.46046, 0.46046, 0.460439, 0.460439, 0.460439, 0.460439, 0.458849, 0.456793, 0.456793, 0.456793, 0.456737, 0.456737, 0.455625, 0.452599, 0.450291, 0.449123, 0.448002, 0.448002, 0.447546, 0.447546, 0.4415, 0.4415, 0.4415, 0.438755, 0.433607, 0.433607, 0.433607, 0.433607, 0.433607, 0.433607, 0.433607, 0.432996, 0.426478, 0.426478, 0.426478, 0.426478, 0.426478, 0.426478, 0.426478, 0.426478, 0.426478, 0.425168, 0.425168, 0.425168, 0.425168, 0.425168, 0.425168, 0.425168, 0.425168, 0.425168, 0.425168, 0.423613, 0.423613, 0.422358, 0.422358, 0.422358, 0.422358, 0.422358, 0.422358, 0.415421, 0.415421, 0.415421, 0.415421, 0.415421, 0.408526, 0.408526, 0.408526, 0.408526, 0.408526, 0.408526, 0.408526, 0.408526, 0.408526, 0.408526, 0.408526, 0.408526, 0.408526, 0.408526, 0.408526, 0.408526, 0.408526, 0.408526, 0.408526, 0.408526, 0.408526, 0.408526, 0.408526, 0.408526, 0.408526, 0.408526, 0.408526, 0.408526, 0.408526, 0.408526, 0.408526, 0.408493, 0.408493, 0.408493, 0.408493, 0.408493, 0.408493, 0.408493, 0.408493, 0.408493, 0.408493, 0.408012, 0.408012, 0.408012, 0.408012, 0.408012, 0.408012, 0.407356, 0.407356, 0.406919, 0.406919, 0.406919, 0.406919, 0.402424, 0.402424, 0.401256, 0.401256, 0.401256, 0.401256, 0.401256, 0.401256, 0.401256, 0.401256, 0.401256, 0.401256, 0.401256, 0.400603, 0.400603, 0.400603, 0.400603, 0.400603, 0.400603, 0.400603, 0.400603, 0.398119, 0.398119, 0.398119, 0.398119, 0.398119, 0.398119, 0.398119, 0.398119, 0.394736, 0.394736, 0.394736, 0.394736, 0.394736, 0.394736, 0.394736, 0.394736, 0.394736, 0.394736, 0.394736, 0.394736, 0.394736, 0.393854, 0.393854, 0.393854, 0.393854, 0.393854, 0.393854, 0.393854, 0.393854, 0.393854, 0.393854, 0.393854, 0.393854, 0.393854, 0.393854, 0.393854, 0.393854, 0.393854, 0.393854, 0.393854, 0.393854, 0.393854, 0.393854, 0.393854, 0.393854, 0.393854, 0.393854, 0.393854, 0.393854, 0.393854, 0.393854, 0.393854, 0.393854, 0.393854, 0.393854, 0.393854, 0.393854, 0.393854, 0.393854, 0.393854, 0.393854, 0.393854, 0.393854, 0.393854, 0.393854, 0.393854, 0.393854, 0.393854, 0.393854, 0.393854, 0.393854, 0.393854, 0.393854, 0.393854, 0.393854, 0.393854, 0.393854, 0.393854, 0.393854, 0.393854, 0.393854, 0.393854, 0.393854, 0.393854, 0.393854, 0.393854, 0.393854, 0.393854, 0.393854, 0.393854, 0.393854, 0.393854, 0.393854, 0.393854, 0.389177, 0.389177, 0.389177, 0.389177, 0.389177, 0.389177, 0.389177, 0.389177, 0.389177, 0.383401, 0.383401, 0.383401, 0.383401, 0.383401, 0.383401, 0.383401, 0.383401, 0.383401, 0.383401, 0.383401, 0.383401, 0.383401, 0.383401, 0.383401, 0.383401, 0.383401, 0.383401, 0.383401, 0.383401, 0.383401, 0.383401, 0.383401, 0.383401, 0.383401, 0.383401, 0.383401, 0.383401, 0.383401, 0.383401, 0.383401, 0.381483, 0.381483, 0.381483, 0.381483, 0.381483, 0.381483, 0.381483, 0.381483, 0.381483, 0.381122, 0.381122, 0.381122, 0.381122, 0.381122, 0.381122, 0.381122, 0.377074, 0.377074, 0.377074, 0.377074, 0.377074, 0.377074, 0.377074, 0.377074, 0.377074, 0.377074, 0.377074, 0.377074, 0.377074, 0.377074, 0.369602, 0.369602, 0.369602, 0.369602, 0.369602, 0.369602, 0.369602, 0.369602, 0.369602, 0.369602, 0.369602, 0.369602, 0.369602, 0.369602, 0.369602, 0.369602, 0.369602, 0.369602, 0.369602, 0.369602, 0.369602, 0.369602, 0.369602, 0.369602, 0.369602, 0.369602, 0.369602, 0.369602, 0.369602, 0.369602, 0.369602, 0.369602, 0.369602, 0.368496, 0.368496, 0.368496, 0.368496, 0.368496, 0.368496, 0.368496, 0.368496, 0.368496, 0.368496, 0.368496, 0.368496, 0.368496, 0.368496, 0.368496, 0.368496, 0.368496, 0.368496, 0.368496, 0.368496, 0.368496, 0.368496, 0.368496, 0.368496, 0.368496, 0.368496, 0.368496, 0.368496, 0.368496, 0.368496, 0.368496, 0.368496, 0.368496, 0.368496, 0.368496, 0.368496, 0.368496, 0.368496, 0.368496, 0.368496, 0.368496, 0.366664, 0.366664, 0.366664, 0.366664, 0.366664, 0.366664, 0.366664, 0.366664, 0.366664, 0.366664, 0.366664, 0.366664, 0.366664, 0.366664, 0.366664, 0.366664, 0.366664, 0.360557, 0.360557, 0.360557, 0.360557, 0.360557, 0.358732, 0.358732, 0.358732, 0.358732, 0.358732, 0.358732, 0.358732, 0.358732, 0.358732, 0.358732, 0.358732, 0.358732, 0.358732, 0.358732, 0.358732, 0.358732, 0.358732, 0.358732, 0.358732, 0.358732, 0.358732, 0.358732, 0.358732, 0.358732, 0.358732, 0.358732, 0.358732, 0.358732, 0.354765, 0.354765, 0.354765, 0.354698, 0.354698, 0.354698, 0.354698, 0.354698, 0.354698, 0.354698, 0.354698, 0.354698, 0.354698, 0.354698, 0.354698, 0.354698, 0.354698, 0.354698, 0.354633, 0.354633, 0.354633, 0.354633, 0.354633, 0.354633, 0.354633, 0.354633, 0.354633, 0.354633, 0.354633, 0.354633, 0.354633, 0.354633, 0.354633, 0.354633, 0.354633, 0.354633, 0.353426, 0.353426, 0.353426, 0.353426, 0.353426, 0.353426, 0.353426, 0.353426, 0.353426, 0.353426, 0.353426, 0.353426, 0.353426, 0.353426, 0.353426, 0.353426, 0.352808, 0.352808, 0.352808, 0.352808, 0.352808, 0.352808, 0.352808, 0.352808, 0.352808, 0.352808, 0.352808, 0.352808, 0.352808, 0.352808, 0.352808, 0.352808, 0.352808, 0.352808, 0.352808, 0.352808, 0.352808, 0.352808, 0.352808, 0.352808, 0.352808, 0.352808, 0.352808, 0.352808, 0.352808, 0.352808, 0.352808, 0.352808, 0.352808, 0.352808, 0.352808, 0.352808, 0.347683, 0.347683, 0.347683, 0.34765, 0.34765, 0.34765, 0.34765, 0.34765, 0.347401, 0.347401, 0.347401, 0.347401, 0.347401, 0.347401, 0.347401, 0.347401, 0.347401, 0.347401, 0.347401, 0.347401, 0.347401, 0.347401, 0.347401, 0.347401, 0.347401, 0.347401, 0.347401, 0.347401, 0.347401, 0.347401, 0.347401, 0.347401, 0.347401, 0.347401, 0.347401, 0.347401, 0.347401, 0.347401, 0.347401, 0.347401, 0.347401, 0.347401, 0.347401, 0.347401, 0.347401, 0.347401, 0.347401, 0.347401, 0.347401, 0.347401, 0.347401, 0.347401, 0.347401, 0.347401, 0.347401, 0.347401, 0.347401, 0.347401, 0.347401, 0.347401, 0.347401, 0.347401, 0.347401, 0.347401, 0.347401, 0.347401, 0.347401, 0.347401, 0.347401, 0.347401, 0.347401, 0.347401, 0.347401, 0.347401, 0.347401, 0.347401, 0.347401, 0.347401, 0.347401, 0.347401, 0.347401, 0.347401, 0.347401, 0.347401, 0.347401, 0.347401, 0.347401, 0.347401, 0.347401, 0.347401, 0.347401, 0.347401, 0.347401, 0.347401, 0.347401, 0.347401, 0.347401, 0.347401, 0.347401, 0.347401, 0.346415, 0.346415, 0.346415, 0.346415, 0.346415, 0.346415, 0.346415, 0.346415, 0.346415, 0.346415, 0.346415, 0.346415, 0.346415, 0.346415, 0.345512, 0.345512, 0.345512, 0.345512, 0.345512, 0.345512, 0.345512, 0.345512, 0.345512, 0.345512, 0.345512, 0.345512, 0.345512, 0.345512, 0.345512, 0.345512, 0.345512, 0.345313, 0.345313, 0.345313, 0.345313, 0.345313, 0.345313, 0.345313, 0.345313, 0.345313, 0.345313, 0.345313, 0.345313, 0.345313, 0.345313, 0.345313, 0.345313, 0.345313, 0.345313, 0.345313, 0.345313, 0.345313, 0.345313, 0.345313, 0.345313, 0.345313, 0.345313, 0.345313, 0.345313, 0.345313, 0.345313, 0.345313, 0.345313, 0.345313, 0.345313, 0.345313, 0.345313, 0.345313, 0.345313, 0.345313, 0.345313, 0.345313, 0.345313, 0.345313, 0.345313, 0.345313, 0.345313, 0.344869, 0.344869, 0.344869, 0.344869, 0.344869, 0.344869, 0.344869, 0.344869, 0.344869, 0.344869, 0.344869, 0.344869, 0.344869, 0.344869, 0.344869, 0.344869, 0.344869, 0.344869, 0.344869, 0.344869, 0.344869, 0.344869, 0.344869, 0.344869, 0.344869, 0.344869, 0.344869, 0.344869, 0.344869, 0.344869, 0.344869, 0.344869, 0.344869, 0.344869, 0.344869, 0.344869, 0.344869, 0.344869, 0.342601, 0.342601, 0.342601, 0.342601, 0.342601, 0.342601, 0.342601, 0.342601, 0.342601, 0.342601, 0.342601, 0.342601, 0.342601, 0.342601, 0.342601, 0.342601, 0.342601, 0.342601, 0.342601, 0.342601, 0.342601, 0.342601, 0.342601, 0.342601, 0.342601, 0.342601, 0.342601, 0.342601, 0.342601, 0.342601, 0.342601, 0.342601, 0.342601, 0.342601, 0.342601, 0.342601, 0.342601, 0.342601, 0.342601, 0.342601, 0.342601, 0.342601, 0.342601, 0.342601, 0.341825, 0.341825, 0.341825, 0.341825, 0.341825, 0.341825, 0.341825, 0.341825, 0.341825, 0.341825, 0.341825, 0.341825, 0.341825, 0.341825, 0.341065, 0.341065, 0.341065, 0.341065, 0.341065, 0.341065, 0.341065, 0.341065, 0.341065, 0.341065, 0.341065, 0.341065, 0.341065, 0.339273, 0.339273, 0.339273, 0.339273, 0.339273, 0.339273, 0.339273, 0.339273, 0.339273, 0.339273, 0.339273, 0.339273, 0.339273, 0.339273, 0.339273, 0.339273, 0.339273, 0.339273, 0.339273, 0.339273, 0.339273, 0.339273, 0.339273, 0.339273, 0.339273, 0.339252, 0.339252, 0.339252, 0.339252, 0.339252, 0.339252, 0.339252, 0.339252, 0.339252, 0.339252, 0.339252, 0.339252, 0.339252, 0.339252, 0.339252, 0.339252, 0.339252, 0.339252, 0.339252, 0.339252, 0.339252, 0.339252, 0.339252, 0.339252, 0.339252, 0.339252, 0.339252, 0.339252, 0.339252, 0.339252, 0.339252, 0.339252, 0.339252, 0.339252, 0.339252, 0.339252, 0.339252, 0.339252, 0.339175, 0.339175, 0.339175, 0.339175, 0.339175, 0.339175, 0.339175, 0.339175, 0.33604, 0.33604, 0.33604, 0.33604, 0.33604, 0.33604, 0.33604, 0.33604, 0.33604, 0.33604, 0.33604, 0.33604, 0.33604, 0.33604, 0.33604, 0.33604, 0.33604, 0.33604, 0.33604, 0.33604, 0.33604, 0.33604, 0.33604, 0.33604, 0.33604, 0.33604, 0.33604, 0.33604, 0.33604, 0.33604, 0.33604, 0.33604, 0.33604, 0.33604, 0.33604, 0.33604, 0.33604, 0.33604, 0.33604, 0.33604, 0.33604, 0.33604, 0.33604, 0.33505, 0.33505, 0.33505, 0.33505, 0.33505, 0.33505, 0.33505, 0.33505, 0.33505, 0.33505, 0.33505, 0.33505, 0.33505, 0.33505, 0.33505, 0.33505, 0.33505, 0.33505, 0.33505, 0.33505, 0.33505, 0.33505, 0.33505, 0.33505, 0.33505, 0.33505, 0.33505, 0.33505, 0.33505, 0.328561, 0.328561, 0.328561, 0.328561, 0.328561, 0.328561, 0.328561, 0.328561, 0.328561, 0.328561, 0.328561, 0.328561, 0.328561, 0.328561, 0.328561, 0.328561, 0.328561, 0.328561, 0.328561, 0.328561, 0.328561, 0.328561, 0.328561, 0.328561, 0.328561, 0.328561, 0.328561, 0.328561, 0.328561, 0.328561, 0.328561, 0.328561, 0.328561, 0.328561, 0.328561, 0.328561, 0.328561, 0.328561, 0.328561, 0.328561, 0.328561, 0.328561, 0.328561, 0.328561, 0.328561, 0.328561, 0.328561, 0.328561, 0.328561, 0.328561, 0.328561, 0.328561, 0.328561, 0.328561, 0.328561, 0.328561, 0.328561, 0.328561, 0.328561, 0.328561, 0.328561, 0.328561, 0.328561, 0.325823, 0.325823, 0.325823, 0.325823, 0.325823, 0.325823, 0.325823, 0.325823, 0.325823, 0.325823, 0.325823, 0.325823, 0.325823, 0.325823, 0.325823, 0.325823, 0.325823, 0.325823, 0.325823, 0.325823, 0.325823, 0.325823, 0.325823, 0.325823, 0.325823, 0.325823, 0.325823, 0.325823, 0.325823, 0.325823, 0.325823, 0.325823, 0.325823, 0.325823, 0.323578, 0.323578, 0.323578, 0.323578, 0.323578, 0.323578, 0.323578, 0.323578, 0.323578, 0.323578, 0.323578, 0.323578, 0.323578, 0.323578, 0.323578, 0.323578, 0.323578, 0.323578, 0.323578, 0.323578, 0.317614, 0.317614, 0.317614, 0.317614, 0.317614, 0.317614, 0.317614, 0.317614, 0.317614, 0.317614, 0.317614, 0.315933, 0.315933, 0.312917, 0.312917, 0.310173, 0.310173, 0.310173, 0.310173, 0.310173, 0.309758, 0.309758, 0.309758, 0.309758, 0.309758, 0.309758, 0.304679, 0.304679, 0.304679, 0.304679, 0.304679, 0.304679, 0.304679, 0.304679, 0.304679, 0.301892, 0.301892, 0.301892, 0.301892, 0.301892, 0.301892, 0.301892, 0.301892, 0.301892, 0.301892, 0.301892, 0.301892, 0.301892, 0.301892, 0.301892, 0.301892, 0.301892, 0.301892, 0.301892, 0.301892]
./data/glass_set_CONST_20. Problema AGGSF (seed 1):   	4475ms	0.277175	53	0.249583

EVOLUCIÓN AGGSF
AGGSF=[1.16388, 1.11617, 1.1047, 1.1047, 1.10225, 1.083, 1.083, 1.083, 1.07782, 1.07782, 1.07782, 1.07637, 1.07637, 1.07578, 1.07381, 1.07315, 1.07233, 1.07233, 1.06948, 1.06895, 1.06895, 1.06884, 1.06793, 1.06708, 1.06629, 1.06358, 1.06358, 1.06166, 1.06097, 1.06068, 1.06001, 1.05713, 1.05643, 1.0554, 1.05343, 1.05219, 1.05219, 1.05082, 1.04958, 1.04958, 1.04795, 1.04795, 1.0468, 1.04479, 1.04444, 1.04118, 1.03877, 1.03877, 1.03877, 1.03877, 1.0381, 1.03488, 1.03488, 1.03488, 1.03488, 1.03488, 1.0342, 1.03302, 1.03212, 1.03212, 1.03212, 1.03152, 1.02762, 1.02481, 1.02481, 1.02439, 1.01979, 1.01733, 1.01733, 1.01526, 1.01526, 1.01526, 1.01396, 1.01159, 1.01159, 1.01159, 1.00852, 1.00852, 1.00852, 1.0071, 1.0071, 1.00406, 1.00318, 1.00318, 1.00219, 1.00219, 1.00035, 1.00035, 0.999472, 0.999132, 0.999132, 0.999132, 0.998259, 0.998259, 0.992729, 0.992729, 0.992729, 0.991535, 0.990056, 0.990056, 0.988862, 0.987241, 0.987241, 0.985474, 0.985474, 0.985474, 0.984738, 0.984738, 0.982084, 0.982084, 0.980938, 0.980293, 0.980293, 0.978574, 0.978574, 0.978574, 0.975509, 0.975509, 0.974139, 0.973522, 0.972572, 0.971154, 0.969324, 0.969324, 0.969324, 0.968248, 0.967662, 0.964625, 0.964087, 0.963509, 0.962321, 0.961659, 0.959208, 0.957498, 0.957498, 0.956666, 0.956666, 0.956666, 0.956047, 0.956047, 0.954786, 0.954786, 0.954167, 0.954167, 0.954167, 0.954167, 0.951623, 0.951623, 0.951623, 0.951623, 0.951258, 0.951258, 0.947906, 0.947906, 0.947906, 0.947906, 0.946422, 0.946422, 0.946422, 0.946422, 0.946422, 0.945042, 0.945042, 0.943623, 0.943623, 0.943468, 0.942392, 0.942392, 0.942392, 0.942078, 0.942078, 0.941696, 0.940984, 0.940938, 0.940938, 0.940324, 0.940324, 0.938656, 0.938656, 0.938656, 0.937452, 0.93601, 0.936003, 0.932755, 0.932558, 0.931547, 0.929592, 0.92939, 0.929264, 0.927411, 0.927411, 0.927107, 0.925663, 0.925663, 0.923796, 0.923796, 0.923796, 0.923556, 0.923556, 0.921807, 0.920563, 0.920563, 0.920563, 0.920563, 0.920563, 0.920563, 0.920563, 0.917984, 0.917984, 0.917984, 0.917984, 0.915739, 0.915739, 0.915739, 0.91478, 0.91478, 0.91478, 0.914644, 0.914022, 0.914022, 0.914022, 0.910151, 0.910151, 0.909233, 0.909233, 0.909233, 0.905528, 0.904764, 0.903845, 0.903707, 0.903707, 0.900938, 0.900938, 0.900938, 0.900322, 0.900322, 0.897836, 0.897836, 0.896855, 0.896855, 0.896855, 0.89675, 0.895726, 0.895726, 0.895726, 0.895297, 0.895297, 0.894961, 0.894264, 0.893486, 0.893486, 0.892838, 0.892363, 0.891938, 0.890584, 0.890584, 0.890584, 0.890584, 0.890144, 0.890144, 0.890144, 0.889252, 0.889252, 0.889252, 0.889252, 0.887609, 0.887609, 0.887212, 0.886239, 0.886239, 0.885842, 0.884642, 0.884642, 0.882734, 0.882734, 0.881741, 0.878649, 0.878649, 0.877024, 0.877024, 0.877024, 0.877024, 0.875434, 0.875434, 0.875434, 0.872773, 0.872773, 0.872203, 0.872118, 0.869857, 0.869857, 0.869857, 0.866479, 0.86586, 0.86586, 0.861739, 0.861739, 0.861739, 0.861739, 0.861655, 0.859971, 0.857796, 0.857704, 0.85607, 0.85607, 0.85607, 0.85607, 0.853797, 0.851622, 0.848087, 0.848087, 0.848087, 0.848087, 0.846153, 0.846153, 0.846153, 0.846153, 0.843479, 0.843479, 0.843479, 0.843479, 0.843479, 0.843375, 0.843069, 0.843069, 0.843069, 0.838149, 0.838149, 0.838149, 0.838149, 0.838149, 0.838149, 0.838149, 0.834652, 0.834652, 0.834652, 0.834652, 0.834652, 0.834652, 0.834652, 0.834652, 0.834652, 0.834652, 0.834652, 0.834652, 0.834652, 0.834652, 0.834652, 0.833868, 0.832632, 0.832632, 0.832335, 0.832335, 0.832335, 0.82993, 0.82993, 0.82993, 0.82993, 0.82993, 0.829632, 0.827557, 0.827557, 0.827557, 0.827557, 0.826413, 0.826413, 0.826413, 0.826413, 0.82085, 0.82085, 0.82085, 0.82085, 0.820786, 0.820361, 0.817914, 0.817914, 0.817914, 0.817914, 0.816644, 0.816398, 0.815341, 0.815114, 0.810217, 0.80896, 0.808688, 0.807417, 0.807417, 0.804424, 0.804424, 0.804424, 0.803715, 0.80182, 0.801487, 0.801223, 0.799157, 0.799157, 0.798543, 0.798543, 0.798281, 0.796946, 0.795052, 0.795052, 0.791229, 0.791229, 0.791229, 0.788657, 0.784834, 0.784181, 0.780268, 0.780268, 0.777656, 0.777656, 0.77436, 0.77436, 0.77436, 0.771697, 0.771697, 0.771697, 0.771697, 0.769617, 0.769487, 0.769487, 0.769487, 0.768782, 0.768782, 0.766583, 0.766583, 0.766583, 0.766341, 0.766137, 0.762077, 0.762077, 0.762077, 0.762077, 0.762077, 0.76185, 0.76185, 0.75826, 0.756899, 0.756899, 0.756899, 0.756899, 0.756899, 0.756899, 0.756899, 0.756899, 0.756899, 0.756899, 0.756899, 0.756899, 0.756899, 0.750635, 0.749584, 0.749584, 0.749584, 0.749584, 0.749584, 0.749584, 0.749046, 0.749046, 0.749046, 0.747433, 0.747433, 0.747433, 0.747433, 0.746584, 0.746584, 0.746155, 0.746155, 0.746155, 0.742444, 0.742444, 0.742444, 0.738917, 0.738917, 0.736935, 0.736935, 0.736935, 0.736935, 0.736935, 0.736935, 0.736935, 0.736935, 0.734269, 0.734269, 0.734269, 0.733708, 0.733708, 0.733708, 0.733708, 0.733048, 0.731041, 0.731041, 0.731041, 0.731041, 0.731041, 0.730339, 0.730339, 0.730339, 0.730339, 0.730339, 0.730339, 0.730339, 0.728266, 0.728266, 0.728266, 0.728241, 0.726874, 0.726874, 0.72624, 0.724164, 0.723778, 0.723529, 0.72177, 0.720931, 0.720931, 0.720931, 0.720931, 0.720931, 0.718248, 0.718248, 0.718248, 0.718248, 0.718248, 0.718248, 0.718248, 0.718248, 0.71623, 0.71623, 0.71623, 0.711483, 0.711483, 0.711483, 0.711483, 0.711483, 0.711483, 0.708674, 0.708674, 0.708674, 0.708674, 0.70768, 0.70648, 0.70648, 0.70648, 0.705486, 0.705486, 0.705486, 0.705486, 0.70118, 0.70118, 0.70118, 0.700185, 0.698629, 0.698629, 0.698629, 0.698093, 0.696481, 0.696481, 0.694498, 0.694498, 0.694498, 0.693961, 0.693961, 0.693961, 0.693961, 0.693961, 0.693961, 0.693961, 0.693961, 0.693961, 0.693961, 0.691742, 0.691742, 0.691742, 0.691742, 0.69135, 0.69135, 0.688449, 0.688383, 0.688025, 0.688025, 0.687585, 0.687585, 0.687585, 0.687168, 0.686878, 0.68569, 0.68569, 0.68569, 0.684833, 0.684833, 0.684833, 0.684833, 0.684833, 0.684833, 0.684372, 0.684372, 0.684372, 0.684372, 0.683364, 0.683364, 0.683364, 0.680944, 0.680782, 0.680782, 0.677782, 0.677782, 0.675324, 0.675324, 0.675324, 0.672272, 0.670293, 0.670293, 0.665362, 0.664615, 0.664085, 0.664085, 0.664085, 0.660883, 0.660883, 0.660419, 0.654853, 0.654853, 0.654853, 0.654853, 0.654097, 0.654097, 0.648071, 0.648071, 0.648071, 0.647085, 0.647085, 0.647085, 0.647085, 0.647085, 0.646613, 0.646613, 0.646613, 0.646613, 0.646613, 0.646613, 0.645671, 0.645671, 0.64543, 0.64543, 0.64543, 0.64543, 0.644468, 0.643692, 0.643692, 0.641735, 0.641735, 0.639757, 0.637984, 0.633499, 0.633499, 0.633499, 0.633499, 0.632474, 0.631879, 0.631879, 0.631879, 0.631879, 0.629647, 0.629647, 0.629647, 0.625683, 0.625683, 0.625683, 0.625088, 0.623193, 0.623193, 0.621546, 0.621546, 0.621546, 0.617907, 0.617907, 0.617907, 0.617907, 0.617907, 0.612426, 0.612426, 0.612426, 0.612426, 0.605336, 0.605336, 0.601425, 0.601425, 0.595846, 0.595846, 0.595846, 0.595846, 0.595846, 0.595846, 0.595846, 0.595846, 0.593306, 0.593306, 0.593306, 0.593306, 0.593306, 0.593306, 0.593306, 0.593306, 0.593306, 0.593306, 0.593306, 0.592918, 0.592918, 0.590884, 0.590884, 0.590884, 0.590587, 0.590587, 0.588118, 0.588118, 0.585404, 0.585404, 0.585404, 0.582654, 0.582654, 0.582654, 0.579231, 0.579231, 0.579231, 0.579231, 0.576041, 0.576041, 0.576041, 0.576041, 0.576041, 0.576041, 0.57521, 0.571436, 0.571436, 0.571436, 0.571436, 0.569062, 0.569062, 0.569062, 0.569062, 0.569062, 0.569062, 0.569062, 0.565397, 0.565397, 0.565397, 0.565397, 0.565276, 0.565276, 0.565276, 0.565276, 0.565276, 0.565276, 0.56456, 0.563826, 0.563826, 0.563826, 0.563826, 0.563826, 0.563826, 0.554069, 0.554069, 0.554069, 0.554069, 0.549853, 0.549853, 0.549853, 0.547232, 0.547232, 0.543012, 0.543012, 0.543012, 0.543012, 0.543012, 0.543012, 0.543012, 0.542422, 0.542422, 0.542422, 0.542422, 0.542025, 0.542025, 0.542025, 0.542025, 0.542025, 0.542025, 0.542025, 0.542025, 0.534654, 0.534654, 0.534654, 0.534654, 0.534654, 0.534654, 0.534654, 0.534654, 0.528669, 0.528669, 0.528669, 0.528669, 0.528669, 0.528669, 0.528669, 0.528669, 0.528669, 0.528669, 0.528669, 0.528669, 0.522483, 0.522483, 0.522483, 0.522483, 0.522483, 0.522483, 0.517253, 0.517253, 0.517253, 0.517253, 0.517253, 0.517253, 0.517253, 0.517253, 0.517253, 0.517253, 0.516151, 0.516151, 0.516151, 0.516151, 0.511061, 0.510057, 0.510057, 0.510057, 0.510057, 0.510057, 0.510057, 0.503692, 0.503692, 0.503692, 0.503692, 0.503692, 0.495108, 0.495108, 0.495108, 0.495108, 0.495108, 0.495108, 0.495108, 0.495108, 0.495108, 0.495108, 0.495108, 0.495108, 0.495108, 0.495108, 0.495108, 0.489752, 0.489752, 0.489752, 0.489752, 0.489752, 0.489752, 0.489752, 0.489752, 0.489752, 0.489752, 0.489752, 0.489752, 0.489752, 0.489608, 0.48678, 0.48678, 0.48678, 0.485472, 0.482673, 0.482673, 0.482673, 0.482673, 0.482673, 0.482673, 0.479414, 0.479414, 0.479414, 0.470424, 0.470424, 0.470424, 0.467126, 0.467126, 0.467126, 0.467126, 0.467126, 0.467126, 0.466275, 0.466275, 0.466275, 0.466275, 0.466275, 0.466275, 0.466275, 0.466275, 0.466275, 0.466275, 0.466275, 0.462776, 0.462776, 0.462776, 0.462776, 0.462776, 0.462776, 0.457875, 0.457875, 0.457875, 0.454376, 0.454376, 0.454376, 0.454376, 0.454376, 0.454376, 0.454376, 0.454376, 0.454376, 0.454376, 0.454376, 0.454376, 0.454376, 0.454376, 0.454376, 0.454376, 0.454376, 0.454376, 0.454376, 0.449135, 0.449135, 0.449135, 0.449135, 0.449135, 0.44769, 0.44769, 0.44769, 0.44769, 0.444828, 0.444828, 0.444828, 0.443383, 0.443383, 0.443383, 0.441607, 0.441607, 0.441607, 0.441607, 0.441607, 0.441607, 0.441607, 0.437021, 0.437021, 0.437021, 0.437021, 0.437021, 0.437021, 0.437021, 0.433104, 0.433104, 0.433104, 0.433104, 0.433104, 0.433104, 0.433104, 0.433104, 0.433104, 0.430881, 0.430881, 0.428456, 0.426233, 0.426233, 0.426233, 0.424972, 0.424972, 0.424972, 0.420324, 0.420324, 0.420324, 0.41623, 0.41623, 0.41623, 0.41623, 0.411582, 0.411582, 0.411582, 0.411582, 0.411474, 0.411474, 0.411474, 0.411474, 0.411474, 0.411474, 0.411474, 0.411474, 0.411474, 0.411474, 0.411474, 0.411474, 0.411474, 0.411474, 0.411474, 0.411474, 0.411474, 0.411474, 0.411474, 0.411474, 0.411474, 0.411474, 0.411474, 0.411474, 0.40321, 0.40321, 0.40321, 0.40321, 0.40321, 0.40321, 0.40321, 0.40321, 0.40321, 0.39737, 0.39737, 0.39737, 0.39737, 0.39737, 0.39737, 0.39737, 0.38116, 0.38116, 0.38116, 0.38116, 0.38116, 0.38116, 0.38116, 0.38116, 0.38116, 0.38116, 0.38116, 0.38116, 0.38116, 0.38116, 0.38116, 0.38116, 0.38116, 0.37724, 0.37724, 0.37724, 0.37724, 0.37724, 0.37724, 0.37724, 0.37724, 0.37724, 0.37724, 0.37724, 0.37724, 0.37724, 0.37724, 0.37724, 0.37724, 0.37724, 0.37724, 0.37724, 0.37724, 0.37724, 0.37724, 0.37724, 0.37724, 0.37724, 0.37724, 0.37724, 0.37724, 0.37724, 0.37724, 0.37724, 0.37724, 0.37724, 0.37724, 0.37724, 0.37724, 0.372563, 0.372563, 0.372563, 0.372563, 0.372563, 0.372563, 0.372563, 0.370685, 0.370685, 0.368797, 0.368797, 0.368797, 0.368797, 0.36685, 0.36685, 0.364974, 0.364974, 0.364974, 0.364974, 0.362993, 0.362993, 0.362993, 0.362993, 0.362993, 0.362993, 0.361713, 0.361713, 0.361713, 0.361713, 0.361713, 0.361713, 0.361713, 0.357687, 0.357687, 0.357687, 0.357687, 0.354761, 0.350734, 0.350734, 0.350734, 0.350734, 0.350734, 0.350734, 0.350734, 0.350734, 0.350734, 0.350734, 0.350734, 0.350734, 0.350734, 0.350734, 0.350734, 0.350734, 0.350734, 0.350734, 0.350734, 0.350734, 0.350734, 0.350734, 0.350734, 0.350734, 0.350734, 0.350734, 0.350734, 0.350734, 0.350734, 0.350734, 0.350734, 0.350734, 0.350734, 0.350247, 0.350247, 0.350247, 0.350247, 0.350247, 0.350247, 0.350247, 0.350247, 0.350247, 0.350247, 0.350247, 0.350247, 0.350247, 0.350247, 0.350247, 0.349185, 0.349185, 0.349185, 0.349185, 0.349185, 0.349185, 0.349185, 0.349185, 0.349185, 0.349185, 0.349185, 0.349185, 0.349185, 0.349185, 0.349185, 0.349185, 0.349185, 0.349185, 0.349185, 0.349185, 0.349185, 0.34409, 0.34409, 0.34409, 0.34409, 0.34409, 0.342548, 0.342548, 0.342548, 0.342548, 0.342548, 0.342369, 0.342369, 0.342369, 0.342369, 0.342369, 0.342369, 0.342369, 0.342369, 0.342369, 0.342369, 0.342369, 0.342369, 0.342369, 0.342369, 0.342369, 0.342369, 0.342369, 0.342369, 0.342369, 0.342369, 0.342369, 0.342369, 0.342369, 0.342369, 0.342369, 0.342369, 0.342369, 0.342369, 0.340371, 0.340371, 0.340371, 0.340371, 0.340371, 0.340371, 0.340371, 0.340371, 0.340371, 0.340371, 0.340371, 0.340371, 0.340371, 0.340371, 0.340371, 0.340371, 0.340371, 0.340371, 0.340371, 0.340371, 0.340371, 0.340371, 0.340371, 0.340371, 0.340371, 0.340371, 0.340371, 0.340371, 0.340371, 0.340371, 0.340371, 0.330147, 0.330147, 0.330147, 0.330147, 0.330147, 0.330147, 0.330147, 0.330147, 0.330147, 0.330147, 0.330147, 0.330147, 0.330147, 0.330147, 0.330147, 0.330147, 0.330147, 0.330147, 0.319531, 0.319531, 0.319531, 0.319531, 0.319531, 0.319531, 0.319531, 0.319531, 0.319531, 0.319531, 0.315377, 0.315377, 0.315377, 0.315377, 0.315377, 0.315377, 0.315377, 0.315377, 0.315377, 0.315377, 0.315377, 0.315377, 0.315377, 0.315377, 0.315377, 0.315377, 0.315377, 0.315377, 0.315377, 0.315377, 0.315377, 0.315377, 0.315377, 0.315377, 0.315377, 0.315377, 0.311881, 0.311881, 0.311881, 0.311881, 0.311881, 0.311881, 0.311881, 0.311881, 0.311881, 0.311881, 0.311881, 0.311881, 0.311881, 0.311881, 0.311881, 0.311881, 0.311881, 0.311881, 0.311881, 0.311881, 0.311881, 0.311881, 0.311881, 0.311881, 0.311881, 0.311881, 0.311881, 0.311881, 0.311881, 0.311881, 0.311881, 0.311881, 0.311881, 0.311881, 0.311881, 0.311881, 0.311881, 0.311881, 0.311881, 0.311881, 0.311881, 0.311881, 0.311881, 0.311881, 0.311881, 0.311881, 0.311881, 0.311881, 0.311881, 0.311881, 0.311881, 0.306312, 0.306312, 0.306312, 0.306312, 0.306312, 0.306312, 0.306312, 0.306312, 0.306312, 0.306312, 0.306312, 0.306312, 0.306312, 0.306312, 0.306312, 0.306312, 0.306312, 0.306312, 0.306312, 0.306312, 0.306312, 0.306312, 0.306312, 0.306312, 0.306312, 0.306312, 0.306312, 0.306312, 0.306312, 0.306312, 0.306312, 0.306312, 0.306312, 0.306312, 0.306312, 0.306312, 0.306312, 0.306312, 0.306312, 0.306312, 0.306312, 0.306312, 0.306312, 0.306312, 0.306312, 0.306312, 0.306312, 0.306312, 0.306312, 0.306312, 0.306312, 0.306312, 0.306312, 0.306312, 0.306312, 0.306312, 0.306312, 0.306312, 0.306312, 0.306312, 0.306312, 0.306312, 0.306312, 0.306312, 0.306312, 0.306312, 0.306312, 0.306312, 0.306312, 0.306312, 0.306312, 0.306312, 0.306312, 0.306312, 0.306312, 0.306312, 0.306312, 0.306312, 0.306312, 0.306312, 0.306312, 0.306312, 0.306312, 0.306312, 0.306312, 0.306312, 0.306312, 0.306312, 0.306312, 0.306312, 0.306312, 0.306312, 0.306312, 0.296811, 0.296811, 0.296811, 0.296811, 0.296811, 0.296811, 0.296811, 0.296811, 0.296811, 0.296811, 0.296811, 0.296811, 0.292412, 0.289399, 0.284999, 0.284999, 0.284999, 0.284999, 0.284999, 0.284999, 0.284999, 0.284999, 0.284999, 0.284999, 0.284999, 0.284999, 0.284999, 0.284999, 0.284999, 0.284999, 0.284999, 0.284999, 0.284999, 0.284999, 0.284999, 0.284999, 0.284999, 0.284999, 0.284999, 0.284999, 0.284999, 0.284999, 0.284999, 0.284999, 0.284999, 0.284999, 0.284999, 0.284999, 0.284999, 0.284999, 0.284999, 0.284999, 0.284999, 0.284999, 0.284999, 0.284999, 0.284999, 0.284999, 0.284999, 0.284999, 0.284999, 0.284999, 0.284999, 0.284999, 0.284999, 0.284999, 0.284999, 0.284999, 0.284999, 0.284999, 0.284999, 0.284999, 0.284999, 0.284999, 0.284999, 0.284999, 0.284999, 0.284999, 0.284999, 0.284999, 0.284999, 0.284999, 0.284999, 0.284999, 0.284999, 0.284999, 0.284999, 0.284999, 0.284999, 0.284999, 0.284999, 0.284999, 0.284999, 0.282718, 0.282718, 0.282718, 0.282718, 0.282718, 0.282718, 0.282718, 0.282718, 0.282718, 0.282718, 0.282718, 0.282718, 0.282718, 0.282718, 0.282718, 0.282718, 0.282718, 0.282718, 0.282718, 0.282718, 0.282718, 0.282718, 0.282718, 0.282718, 0.282718, 0.282718, 0.282718, 0.282718, 0.282718, 0.282718, 0.282718, 0.282718, 0.282718, 0.282718, 0.282718, 0.282718, 0.282718, 0.282718, 0.282718, 0.282718, 0.282718, 0.282718, 0.282718, 0.282718, 0.282718, 0.282718, 0.282718, 0.282718, 0.282718, 0.282718, 0.28168, 0.28168, 0.28168, 0.28168, 0.28168, 0.28168, 0.28168, 0.28168, 0.28168, 0.28168, 0.28168, 0.28168, 0.28168, 0.28168, 0.28168, 0.28168, 0.28168, 0.28168, 0.28168, 0.28168, 0.28168, 0.28168, 0.28168, 0.28168, 0.28168, 0.28168, 0.28168, 0.28168, 0.28168, 0.28168, 0.28168, 0.28168, 0.28168, 0.28168, 0.28168, 0.28168, 0.28168, 0.28168, 0.28168, 0.28168, 0.28168, 0.28168, 0.28168, 0.28168, 0.28168, 0.28168, 0.28168, 0.28168, 0.28168, 0.28168, 0.28168, 0.28168, 0.28168, 0.28168, 0.28168, 0.28168, 0.28168, 0.28168, 0.28168, 0.28168, 0.28168, 0.28168, 0.28168, 0.28168, 0.28168, 0.28168, 0.28168, 0.28168, 0.28168, 0.28168, 0.281081, 0.281081, 0.281081, 0.281081, 0.281081, 0.281081, 0.281081, 0.281081, 0.281081, 0.281081, 0.281081, 0.281081, 0.281081, 0.281081, 0.281081, 0.281081, 0.281081, 0.281081, 0.281081, 0.281081, 0.281081, 0.281081, 0.281081, 0.281081, 0.281081, 0.281081, 0.281081, 0.281081, 0.281081, 0.281081, 0.281081, 0.281081, 0.281081, 0.281081, 0.281081, 0.281081, 0.281081, 0.281081, 0.281081, 0.281081, 0.281081, 0.281081, 0.281081, 0.281081, 0.281081, 0.281081, 0.281081, 0.281081, 0.281081, 0.281081, 0.281081, 0.281081, 0.281081, 0.281081, 0.281081, 0.281081, 0.281081, 0.281081, 0.281081, 0.281081, 0.281081, 0.281081, 0.281081, 0.281081, 0.281081, 0.281081, 0.281081, 0.281081, 0.281081, 0.281081, 0.281081, 0.281081, 0.281081, 0.281081, 0.281081, 0.281081, 0.281081, 0.281081, 0.281081, 0.281081, 0.281081, 0.281081, 0.281081, 0.281081, 0.281081, 0.281081, 0.281081, 0.281081, 0.281081, 0.281081, 0.281081, 0.281081, 0.281081, 0.281081, 0.281081, 0.281081, 0.281081, 0.281081, 0.281081, 0.281081, 0.281081, 0.281081, 0.281081, 0.281081, 0.281081, 0.281081, 0.281081, 0.281081, 0.281081, 0.281081, 0.281081, 0.281081, 0.281081, 0.281081, 0.281081, 0.281081, 0.281081, 0.281081, 0.281081, 0.281081, 0.281081, 0.281081, 0.281081, 0.281081, 0.281081, 0.281081, 0.281081, 0.281081, 0.281081, 0.281081, 0.281081, 0.281081, 0.281081, 0.281081, 0.281081, 0.281081, 0.281081, 0.281081, 0.281081, 0.281081, 0.281081, 0.281081, 0.281081, 0.281081, 0.281081, 0.281081, 0.281081, 0.281081, 0.281081, 0.281081, 0.281081, 0.281081, 0.281081, 0.281081, 0.281081, 0.281081, 0.281081, 0.281081, 0.281081, 0.281081, 0.281081, 0.281081, 0.281081, 0.281081, 0.281081, 0.281081, 0.281081, 0.281081, 0.281081, 0.281081, 0.281081, 0.281081, 0.281081, 0.281081, 0.281081, 0.281081, 0.281081, 0.281081, 0.281081, 0.281081, 0.281081, 0.281081, 0.281081, 0.281081, 0.281081, 0.281081, 0.281081, 0.281081, 0.281081, 0.281081, 0.281081, 0.281081, 0.281081, 0.281081, 0.281081, 0.281081, 0.281081, 0.281081, 0.281081, 0.281081, 0.281081, 0.281081, 0.281081, 0.281081, 0.281081, 0.281081, 0.281081, 0.281081, 0.281081, 0.281081, 0.281081, 0.281081, 0.281081, 0.281081, 0.281081, 0.281081, 0.281081, 0.281081, 0.281081, 0.281081, 0.281081, 0.281081, 0.281081, 0.281081, 0.281081, 0.281081, 0.281081, 0.281081, 0.281081, 0.281081, 0.281081, 0.281081, 0.281081, 0.281081, 0.281081, 0.281081, 0.281081, 0.281081, 0.281081, 0.281081, 0.281081, 0.281081, 0.281081, 0.281081, 0.281081, 0.281081, 0.281081, 0.281081, 0.281081, 0.281081, 0.281081, 0.281081, 0.281081, 0.281081, 0.281081, 0.281081, 0.281081, 0.281081, 0.281081, 0.281081, 0.281081, 0.281081, 0.281081, 0.281081, 0.281081, 0.281081, 0.281081, 0.281081, 0.281081, 0.281081, 0.281081, 0.281081, 0.281081, 0.281081, 0.281081, 0.281081, 0.281081, 0.281081, 0.281081, 0.281081, 0.281081, 0.281081, 0.281081, 0.281081, 0.281081, 0.281081, 0.281081, 0.281081, 0.281081, 0.281081, 0.281081, 0.281081, 0.281081, 0.281081, 0.281081, 0.281081, 0.281081, 0.281081, 0.281081, 0.281081, 0.281081, 0.281081, 0.281081, 0.281081, 0.281081, 0.281081, 0.281081, 0.281081, 0.281081, 0.281081, 0.281081, 0.281081, 0.281081, 0.281081, 0.281081, 0.281081, 0.281081, 0.281081, 0.281081, 0.281081, 0.281081, 0.281081, 0.281081, 0.281081, 0.281081, 0.281081, 0.281081, 0.281081, 0.281081, 0.281081, 0.281081, 0.281081, 0.281081, 0.281081, 0.281081, 0.281081, 0.281081, 0.281081, 0.281081, 0.281081, 0.281081, 0.281081, 0.281081, 0.281081, 0.281081, 0.281081, 0.281081, 0.281081, 0.281081, 0.281081, 0.281081, 0.281081, 0.281081, 0.281081, 0.281081, 0.281081, 0.281081, 0.281081, 0.281081, 0.281081, 0.281081, 0.281081, 0.281081, 0.281081, 0.281081, 0.281081, 0.281081, 0.281081, 0.281081, 0.281081, 0.281081, 0.281081, 0.281081, 0.281081, 0.281081, 0.281081, 0.281081, 0.281081, 0.281081, 0.281081, 0.281081, 0.281081, 0.281081, 0.281081, 0.281081, 0.281081, 0.281081, 0.281081, 0.281081, 0.281081, 0.281081, 0.281081, 0.281081, 0.281081, 0.281081, 0.281081, 0.281081, 0.281081, 0.281081, 0.281081, 0.281081, 0.281081, 0.281081, 0.281081, 0.281081, 0.281081, 0.281081, 0.281081, 0.281081, 0.281081, 0.281081, 0.281081, 0.281081, 0.281081, 0.281081, 0.281081, 0.281081, 0.281081, 0.281081, 0.281081, 0.281081, 0.281081, 0.281081, 0.281081, 0.281081, 0.281081, 0.281081, 0.281081, 0.281081, 0.281081, 0.281081, 0.281081, 0.281081, 0.281081, 0.281081, 0.281081, 0.281081, 0.281081, 0.281081, 0.281081, 0.281081, 0.281081, 0.281081, 0.281081, 0.281081, 0.281081, 0.281081, 0.281081, 0.281081, 0.281081, 0.281081, 0.281081, 0.281081, 0.281081, 0.281081, 0.281081, 0.281081, 0.281081, 0.281081, 0.281081, 0.281081, 0.281081, 0.281081, 0.281081, 0.281081, 0.281081, 0.281081, 0.281081, 0.281081, 0.281081, 0.281081, 0.281081, 0.281081, 0.281081, 0.281081, 0.281081, 0.281081, 0.281081, 0.281081, 0.281081, 0.281081, 0.281081, 0.281081, 0.281081, 0.281081, 0.281081, 0.281081, 0.277175, 0.277175, 0.277175, 0.277175, 0.277175, 0.277175, 0.277175, 0.277175, 0.277175, 0.277175, 0.277175, 0.277175, 0.277175, 0.277175, 0.277175, 0.277175, 0.277175, 0.277175, 0.277175, 0.277175, 0.277175, 0.277175, 0.277175, 0.277175, 0.277175, 0.277175, 0.277175, 0.277175, 0.277175, 0.277175, 0.277175, 0.277175, 0.277175, 0.277175, 0.277175, 0.277175, 0.277175, 0.277175, 0.277175, 0.277175, 0.277175, 0.277175, 0.277175, 0.277175, 0.277175, 0.277175, 0.277175, 0.277175, 0.277175, 0.277175, 0.277175, 0.277175, 0.277175, 0.277175, 0.277175, 0.277175, 0.277175, 0.277175, 0.277175, 0.277175, 0.277175, 0.277175, 0.277175, 0.277175, 0.277175, 0.277175, 0.277175, 0.277175, 0.277175, 0.277175, 0.277175, 0.277175, 0.277175, 0.277175, 0.277175, 0.277175, 0.277175, 0.277175, 0.277175, 0.277175, 0.277175, 0.277175, 0.277175, 0.277175, 0.277175, 0.277175, 0.277175, 0.277175, 0.277175, 0.277175, 0.277175, 0.277175, 0.277175, 0.277175, 0.277175, 0.277175, 0.277175, 0.277175, 0.277175, 0.277175, 0.277175, 0.277175, 0.277175, 0.277175, 0.277175, 0.277175, 0.277175, 0.277175, 0.277175, 0.277175, 0.277175, 0.277175, 0.277175, 0.277175, 0.277175, 0.277175, 0.277175, 0.277175, 0.277175, 0.277175, 0.277175, 0.277175, 0.277175, 0.277175, 0.277175, 0.277175, 0.277175, 0.277175, 0.277175, 0.277175, 0.277175, 0.277175, 0.277175, 0.277175, 0.277175, 0.277175, 0.277175, 0.277175, 0.277175, 0.277175, 0.277175, 0.277175, 0.277175, 0.277175, 0.277175, 0.277175, 0.277175, 0.277175, 0.277175, 0.277175, 0.277175, 0.277175, 0.277175, 0.277175, 0.277175, 0.277175, 0.277175, 0.277175, 0.277175, 0.277175, 0.277175, 0.277175, 0.277175, 0.277175, 0.277175, 0.277175, 0.277175, 0.277175, 0.277175, 0.277175, 0.277175, 0.277175, 0.277175, 0.277175, 0.277175, 0.277175, 0.277175, 0.277175, 0.277175, 0.277175, 0.277175, 0.277175, 0.277175, 0.277175, 0.277175, 0.277175, 0.277175, 0.277175, 0.277175, 0.277175, 0.277175, 0.277175, 0.277175, 0.277175, 0.277175, 0.277175, 0.277175, 0.277175, 0.277175, 0.277175, 0.277175, 0.277175, 0.277175, 0.277175, 0.277175, 0.277175, 0.277175, 0.277175, 0.277175, 0.277175, 0.277175, 0.277175, 0.277175, 0.277175, 0.277175, 0.277175, 0.277175, 0.277175, 0.277175, 0.277175, 0.277175, 0.277175, 0.277175, 0.277175, 0.277175, 0.277175, 0.277175, 0.277175, 0.277175, 0.277175, 0.277175, 0.277175, 0.277175, 0.277175, 0.277175, 0.277175, 0.277175, 0.277175, 0.277175, 0.277175, 0.277175, 0.277175, 0.277175, 0.277175, 0.277175, 0.277175, 0.277175, 0.277175, 0.277175, 0.277175, 0.277175, 0.277175, 0.277175, 0.277175, 0.277175, 0.277175, 0.277175, 0.277175, 0.277175, 0.277175, 0.277175, 0.277175, 0.277175, 0.277175, 0.277175, 0.277175, 0.277175, 0.277175, 0.277175, 0.277175, 0.277175, 0.277175, 0.277175, 0.277175, 0.277175, 0.277175, 0.277175, 0.277175, 0.277175, 0.277175, 0.277175, 0.277175, 0.277175]

./data/glass_set_CONST_10. Problema M.AGGSF (seed 1):   	3759ms	0.603065	334	0.274395

EVOLUCIÓN M.AGGSF
M.AGGSF=[1.13659, 1.11443, 1.11064, 1.10608, 0.992309, 0.992309, 0.991207, 0.991207, 0.991207, 0.991207, 0.991207, 0.991034, 0.991034, 0.991034, 0.94792, 0.94792, 0.94577, 0.94577, 0.942714, 0.935797, 0.935797, 0.935797, 0.9322, 0.930016, 0.901298, 0.901298, 0.889656, 0.889656, 0.889656, 0.889201, 0.889201, 0.885934, 0.880008, 0.879931, 0.856595, 0.851972, 0.849973, 0.84716, 0.843965, 0.841856, 0.84089, 0.840557, 0.836703, 0.836703, 0.818935, 0.818935, 0.809101, 0.805689, 0.805689, 0.805689, 0.805689, 0.802824, 0.800576, 0.799853, 0.784449, 0.781949, 0.781949, 0.775848, 0.772874, 0.772874, 0.770643, 0.765532, 0.763272, 0.763272, 0.756529, 0.755238, 0.744135, 0.744135, 0.744135, 0.744135, 0.743046, 0.7424, 0.7424, 0.742265, 0.731238, 0.726933, 0.723253, 0.713548, 0.710885, 0.709915, 0.6974, 0.6974, 0.6974, 0.695223, 0.686379, 0.686379, 0.686379, 0.685729, 0.684257, 0.682334, 0.679228, 0.679228, 0.679228, 0.679228, 0.67121, 0.670789, 0.669313, 0.668609, 0.66687, 0.66563, 0.663681, 0.663681, 0.661496, 0.661496, 0.657506, 0.65223, 0.650518, 0.646681, 0.645358, 0.641604, 0.641604, 0.64134, 0.64134, 0.637538, 0.631236, 0.631236, 0.62949, 0.625058, 0.620677, 0.615803, 0.613438, 0.609459, 0.60593, 0.603935, 0.603065]
./data/glass_set_CONST_20. Problema M.AGGSF (seed 1):   	4248ms	0.53298	452	0.297665

EVOLUCIÓN M.AGGSF
M.AGGSF=[1.17736, 1.03232, 1.03232, 1.03232, 1.03232, 1.03232, 1.03232, 1.03232, 1.03232, 1.03232, 1.03232, 0.982063, 0.982063, 0.982063, 0.982063, 0.981415, 0.981415, 0.98078, 0.979393, 0.979393, 0.979305, 0.916079, 0.916079, 0.916079, 0.911472, 0.911064, 0.911064, 0.897574, 0.897574, 0.894012, 0.891207, 0.853658, 0.853067, 0.832185, 0.832185, 0.832185, 0.81798, 0.812073, 0.802797, 0.802472, 0.800269, 0.770126, 0.770126, 0.757813, 0.75091, 0.746851, 0.746391, 0.740658, 0.732788, 0.732788, 0.725358, 0.704026, 0.699745, 0.698467, 0.690146, 0.690146, 0.688071, 0.680416, 0.678108, 0.678108, 0.67737, 0.650197, 0.650197, 0.645024, 0.645024, 0.644683, 0.62296, 0.62296, 0.62296, 0.62296, 0.621283, 0.604643, 0.604643, 0.604643, 0.600815, 0.59632, 0.59632, 0.594597, 0.594597, 0.591498, 0.586877, 0.583701, 0.580079, 0.580079, 0.578928, 0.578928, 0.575183, 0.573786, 0.569858, 0.569858, 0.569858, 0.559273, 0.559273, 0.55638, 0.55638, 0.555947, 0.551472, 0.551472, 0.551472, 0.550381, 0.550381, 0.550381, 0.546813, 0.546813, 0.546813, 0.54256, 0.54256, 0.54256, 0.54256, 0.54256, 0.54256, 0.53298]

./data/glass_set_CONST_10. Problema M.AGGSF (seed 1):   	3726ms	0.447303	205	0.245575

EVOLUCIÓN M.AGGSF
M.AGGSF=[1.13049, 1.10349, 1.10349, 1.09914, 1.09385, 1.09005, 1.08541, 1.08541, 1.08541, 1.07812, 1.00063, 1.00063, 1.00063, 1.00063, 0.996755, 0.996755, 0.996755, 0.996755, 0.996755, 0.996138, 0.924206, 0.924206, 0.924206, 0.924206, 0.914498, 0.914498, 0.912632, 0.912632, 0.912439, 0.912439, 0.905492, 0.905116, 0.905116, 0.903172, 0.900181, 0.899244, 0.898507, 0.896139, 0.894137, 0.894137, 0.890766, 0.890088, 0.886635, 0.886635, 0.886635, 0.880843, 0.880843, 0.87858, 0.87858, 0.8776, 0.87163, 0.87163, 0.87163, 0.87163, 0.868929, 0.868929, 0.867041, 0.866338, 0.865692, 0.865672, 0.844503, 0.841198, 0.839198, 0.839198, 0.837132, 0.835606, 0.835241, 0.834135, 0.833284, 0.833284, 0.82233, 0.82233, 0.82233, 0.82233, 0.821978, 0.820501, 0.820501, 0.820352, 0.818911, 0.818801, 0.813325, 0.813325, 0.812068, 0.808838, 0.808838, 0.808838, 0.80662, 0.804928, 0.804841, 0.804841, 0.80128, 0.799467, 0.799467, 0.799467, 0.799467, 0.796226, 0.795303, 0.795303, 0.794581, 0.794581, 0.789335, 0.789335, 0.789335, 0.789335, 0.786622, 0.786622, 0.786622, 0.786622, 0.783919, 0.781151, 0.781151, 0.781151, 0.780932, 0.77963, 0.77963, 0.777602, 0.777265, 0.774529, 0.774529, 0.774301, 0.757444, 0.757444, 0.757444, 0.757444, 0.757444, 0.756316, 0.756316, 0.753062, 0.753062, 0.752754, 0.750861, 0.750508, 0.749232, 0.749232, 0.748928, 0.747623, 0.747623, 0.746736, 0.745421, 0.745421, 0.740467, 0.739242, 0.739242, 0.739242, 0.738565, 0.738565, 0.738565, 0.738565, 0.738565, 0.738565, 0.735419, 0.735419, 0.735042, 0.735042, 0.734596, 0.734421, 0.732083, 0.730856, 0.730856, 0.729991, 0.729484, 0.728621, 0.728621, 0.728621, 0.727702, 0.725231, 0.725231, 0.724297, 0.724297, 0.7236, 0.72324, 0.72324, 0.72324, 0.72324, 0.72324, 0.718753, 0.718753, 0.718753, 0.718753, 0.718753, 0.718753, 0.718753, 0.715414, 0.709528, 0.709528, 0.709528, 0.709528, 0.708754, 0.706593, 0.706593, 0.706593, 0.706593, 0.705819, 0.70436, 0.70436, 0.70436, 0.70436, 0.70436, 0.70436, 0.70436, 0.703832, 0.703832, 0.703237, 0.703237, 0.702526, 0.702526, 0.701904, 0.701904, 0.699322, 0.699322, 0.699322, 0.697033, 0.697033, 0.694964, 0.694911, 0.693171, 0.693161, 0.693161, 0.692911, 0.692911, 0.692337, 0.685171, 0.685171, 0.685171, 0.684409, 0.684409, 0.683357, 0.682149, 0.682149, 0.682149, 0.682149, 0.682149, 0.682149, 0.68164, 0.68164, 0.681492, 0.681492, 0.681492, 0.681184, 0.681184, 0.681184, 0.680983, 0.680713, 0.680713, 0.680713, 0.680713, 0.680713, 0.680713, 0.680713, 0.679808, 0.679808, 0.679539, 0.679539, 0.678634, 0.678274, 0.677996, 0.677996, 0.677996, 0.677996, 0.675089, 0.675089, 0.675089, 0.675089, 0.672746, 0.672746, 0.672746, 0.672746, 0.672746, 0.672746, 0.672746, 0.670319, 0.670319, 0.668037, 0.668037, 0.668037, 0.668037, 0.667134, 0.667134, 0.667134, 0.667134, 0.667134, 0.665857, 0.665857, 0.665233, 0.665233, 0.665233, 0.664066, 0.664066, 0.664066, 0.662757, 0.661606, 0.661577, 0.660402, 0.660402, 0.660402, 0.660402, 0.660402, 0.659975, 0.659975, 0.658798, 0.658798, 0.658086, 0.658086, 0.658086, 0.658086, 0.658086, 0.658086, 0.658086, 0.658086, 0.658083, 0.657971, 0.657598, 0.657598, 0.657595, 0.657595, 0.657595, 0.657595, 0.657595, 0.657595, 0.657595, 0.656645, 0.656645, 0.656645, 0.656645, 0.656645, 0.656645, 0.653302, 0.652996, 0.652996, 0.651772, 0.648839, 0.64828, 0.645487, 0.644675, 0.644105, 0.643973, 0.640471, 0.640471, 0.640471, 0.640471, 0.640027, 0.640027, 0.636525, 0.636525, 0.636525, 0.636525, 0.636176, 0.636176, 0.636176, 0.636176, 0.635244, 0.635244, 0.635244, 0.634926, 0.634926, 0.634926, 0.634926, 0.633586, 0.633586, 0.633267, 0.632541, 0.632541, 0.632541, 0.632541, 0.632541, 0.632541, 0.627463, 0.627463, 0.627463, 0.627463, 0.627463, 0.627463, 0.62555, 0.62555, 0.62555, 0.62555, 0.62555, 0.62555, 0.62555, 0.62555, 0.624111, 0.624111, 0.624111, 0.623393, 0.623393, 0.623393, 0.623393, 0.623393, 0.623393, 0.623393, 0.62307, 0.62307, 0.62307, 0.62307, 0.622331, 0.622331, 0.622331, 0.622331, 0.622331, 0.622331, 0.621316, 0.621316, 0.620873, 0.620873, 0.620873, 0.620873, 0.620873, 0.620873, 0.620873, 0.620873, 0.620873, 0.620873, 0.620873, 0.619685, 0.619685, 0.619685, 0.619685, 0.619685, 0.618837, 0.61765, 0.61765, 0.61765, 0.61765, 0.61765, 0.616697, 0.616697, 0.616697, 0.615787, 0.615787, 0.615787, 0.612562, 0.612562, 0.612562, 0.610761, 0.609851, 0.609851, 0.609851, 0.609745, 0.609745, 0.607002, 0.607002, 0.607002, 0.607002, 0.607002, 0.603367, 0.603367, 0.603367, 0.603367, 0.603367, 0.603367, 0.603367, 0.603367, 0.603367, 0.603367, 0.603367, 0.603367, 0.603367, 0.603367, 0.603302, 0.603302, 0.603073, 0.603073, 0.603007, 0.603007, 0.603007, 0.603007, 0.603007, 0.602755, 0.602755, 0.602755, 0.602755, 0.602755, 0.602755, 0.602735, 0.602735, 0.602735, 0.602735, 0.601483, 0.601483, 0.601483, 0.601483, 0.600678, 0.600678, 0.600678, 0.599403, 0.599403, 0.599403, 0.598592, 0.598592, 0.598592, 0.598557, 0.596582, 0.596582, 0.596582, 0.596582, 0.59575, 0.59575, 0.59575, 0.59575, 0.59575, 0.593964, 0.593964, 0.593964, 0.593883, 0.593104, 0.593104, 0.592748, 0.592748, 0.59227, 0.59227, 0.591914, 0.591914, 0.591914, 0.591914, 0.591914, 0.591914, 0.591914, 0.591914, 0.591914, 0.591831, 0.591066, 0.590968, 0.590968, 0.590968, 0.590885, 0.587489, 0.587152, 0.587055, 0.586206, 0.586206, 0.581798, 0.581798, 0.581798, 0.581798, 0.581798, 0.581798, 0.581798, 0.581798, 0.581798, 0.581798, 0.581665, 0.581665, 0.581665, 0.581665, 0.581665, 0.57772, 0.57772, 0.577609, 0.577609, 0.577609, 0.577609, 0.577609, 0.577609, 0.577609, 0.577609, 0.577056, 0.577056, 0.577056, 0.572819, 0.572266, 0.572266, 0.572266, 0.572266, 0.572266, 0.572266, 0.568153, 0.568153, 0.568153, 0.568153, 0.568153, 0.568153, 0.568153, 0.568153, 0.568153, 0.568153, 0.568153, 0.568153, 0.564943, 0.563638, 0.563638, 0.563638, 0.563638, 0.563638, 0.563638, 0.563638, 0.563638, 0.563638, 0.563638, 0.563369, 0.563369, 0.562468, 0.560385, 0.560385, 0.560385, 0.560385, 0.560078, 0.560078, 0.560078, 0.560026, 0.559845, 0.559793, 0.559793, 0.559793, 0.559793, 0.559463, 0.559463, 0.559463, 0.559463, 0.559463, 0.559463, 0.559442, 0.559442, 0.559218, 0.559218, 0.555413, 0.555413, 0.555392, 0.555164, 0.555116, 0.555116, 0.551435, 0.551435, 0.551435, 0.551435, 0.551435, 0.551435, 0.551435, 0.551435, 0.55097, 0.55097, 0.55097, 0.550696, 0.550696, 0.550696, 0.55021, 0.55021, 0.55021, 0.55021, 0.550112, 0.548064, 0.548064, 0.548064, 0.547578, 0.546454, 0.54595, 0.54595, 0.54595, 0.54595, 0.54595, 0.544089, 0.543898, 0.543898, 0.543204, 0.542292, 0.542292, 0.541694, 0.541694, 0.540918, 0.539844, 0.537752, 0.537752, 0.534513, 0.534513, 0.533515, 0.533515, 0.533515, 0.533266, 0.533266, 0.533266, 0.533266, 0.533266, 0.530678, 0.530678, 0.529792, 0.529792, 0.529431, 0.529431, 0.528499, 0.528499, 0.528499, 0.528499, 0.528499, 0.528499, 0.528499, 0.528499, 0.528499, 0.528499, 0.528499, 0.528499, 0.528499, 0.528499, 0.528499, 0.528499, 0.528499, 0.528499, 0.528499, 0.528499, 0.527084, 0.527084, 0.527084, 0.527084, 0.527014, 0.527014, 0.523849, 0.523849, 0.523849, 0.523779, 0.523779, 0.523779, 0.520949, 0.520949, 0.5209, 0.5209, 0.5209, 0.5209, 0.5209, 0.5209, 0.5209, 0.5209, 0.516391, 0.516391, 0.516391, 0.516391, 0.516391, 0.51629, 0.51629, 0.51629, 0.51629, 0.516192, 0.516192, 0.515926, 0.514531, 0.514531, 0.514433, 0.514433, 0.513058, 0.513058, 0.513058, 0.513058, 0.513058, 0.509021, 0.509021, 0.507898, 0.507898, 0.507898, 0.507898, 0.507898, 0.507898, 0.507898, 0.507898, 0.50736, 0.50657, 0.50657, 0.50657, 0.50657, 0.50657, 0.50657, 0.505549, 0.501092, 0.501092, 0.501092, 0.501092, 0.501092, 0.501092, 0.501092, 0.501092, 0.501092, 0.501092, 0.501092, 0.498055, 0.498055, 0.498055, 0.498055, 0.498055, 0.498055, 0.498055, 0.498055, 0.498055, 0.496795, 0.496795, 0.495351, 0.495351, 0.495351, 0.495026, 0.494078, 0.494078, 0.494078, 0.494078, 0.494078, 0.494078, 0.492779, 0.48383, 0.48383, 0.48383, 0.48383, 0.48383, 0.48383, 0.48383, 0.48383, 0.48383, 0.48383, 0.48383, 0.48383, 0.48383, 0.48383, 0.481162, 0.481162, 0.481162, 0.481162, 0.481162, 0.481162, 0.481162, 0.481162, 0.480917, 0.480917, 0.480917, 0.480917, 0.480917, 0.480917, 0.478051, 0.478051, 0.478051, 0.478051, 0.478051, 0.478051, 0.475965, 0.475965, 0.475965, 0.475965, 0.475965, 0.475965, 0.475965, 0.475965, 0.475965, 0.475965, 0.475965, 0.475965, 0.474189, 0.474189, 0.474189, 0.473599, 0.473599, 0.47336, 0.47336, 0.471822, 0.467506, 0.467506, 0.467506, 0.467506, 0.467506, 0.466309, 0.466309, 0.466309, 0.466309, 0.466309, 0.466309, 0.466309, 0.466309, 0.466309, 0.466309, 0.466309, 0.466309, 0.466309, 0.464289, 0.464289, 0.464289, 0.464289, 0.461377, 0.461377, 0.459341, 0.459341, 0.459341, 0.459341, 0.459341, 0.459341, 0.459341, 0.459341, 0.459341, 0.459341, 0.459341, 0.459341, 0.45923, 0.45923, 0.45923, 0.45923, 0.45923, 0.45923, 0.45923, 0.45923, 0.45923, 0.457666, 0.457666, 0.457666, 0.457397, 0.457397, 0.454846, 0.454846, 0.453022, 0.453022, 0.453022, 0.453022, 0.453022, 0.453022, 0.453022, 0.453022, 0.453022, 0.453022, 0.453022, 0.453022, 0.453022, 0.452071, 0.452071, 0.451582, 0.451582, 0.451582, 0.451582, 0.451582, 0.450306, 0.450306, 0.450306, 0.450306, 0.450306, 0.450306, 0.450306, 0.450306, 0.450306, 0.450306, 0.450306, 0.450306, 0.450306, 0.450306, 0.450306, 0.450306, 0.447303, 0.447303, 0.447303, 0.447303, 0.447303, 0.447303, 0.447303, 0.447303]
./data/glass_set_CONST_20. Problema M.AGGSF (seed 1):   	4239ms	0.303531	147	0.227001

EVOLUCIÓN M.AGGSF
M.AGGSF=[1.15507, 1.11943, 1.11045, 1.10395, 1.09945, 1.09486, 1.09486, 1.0914, 1.08429, 1.08221, 1.04545, 1.04545, 1.04545, 1.04545, 1.04247, 1.04247, 1.03885, 1.03885, 1.03885, 1.03728, 0.988101, 0.988101, 0.988101, 0.987281, 0.987281, 0.984628, 0.984628, 0.982237, 0.979231, 0.975625, 0.950799, 0.950799, 0.950446, 0.947553, 0.947553, 0.947315, 0.94281, 0.940499, 0.931725, 0.931725, 0.877355, 0.877355, 0.877355, 0.876546, 0.876546, 0.874561, 0.874009, 0.873199, 0.873199, 0.873199, 0.849765, 0.849765, 0.832013, 0.830399, 0.830399, 0.830399, 0.830399, 0.82325, 0.822085, 0.822085, 0.800529, 0.800529, 0.792652, 0.79197, 0.784102, 0.784102, 0.784102, 0.777103, 0.777103, 0.777103, 0.758176, 0.758176, 0.754277, 0.74638, 0.74638, 0.74638, 0.74638, 0.745161, 0.742963, 0.73827, 0.730771, 0.727108, 0.727108, 0.725799, 0.725718, 0.723343, 0.716378, 0.716378, 0.710618, 0.710618, 0.69218, 0.689308, 0.687759, 0.680966, 0.680966, 0.680966, 0.672531, 0.672531, 0.669736, 0.668566, 0.651687, 0.651687, 0.651642, 0.651642, 0.641751, 0.640069, 0.632649, 0.632649, 0.632649, 0.632606, 0.610119, 0.605072, 0.605072, 0.605072, 0.600978, 0.600847, 0.595613, 0.59383, 0.59383, 0.59383, 0.580507, 0.580507, 0.580507, 0.580507, 0.571548, 0.571548, 0.571548, 0.569502, 0.569502, 0.569502, 0.554559, 0.554559, 0.554559, 0.554559, 0.551446, 0.551446, 0.551446, 0.551446, 0.549435, 0.549435, 0.537782, 0.537782, 0.537782, 0.537782, 0.537782, 0.537782, 0.537782, 0.537782, 0.537782, 0.535915, 0.521382, 0.521382, 0.51688, 0.51688, 0.51688, 0.512568, 0.512568, 0.512568, 0.510146, 0.510146, 0.505834, 0.505834, 0.501146, 0.498037, 0.498037, 0.498037, 0.498037, 0.498037, 0.493397, 0.492143, 0.492143, 0.492143, 0.492143, 0.488046, 0.487155, 0.486523, 0.486523, 0.486523, 0.481103, 0.481103, 0.481103, 0.481103, 0.481103, 0.481103, 0.481103, 0.481103, 0.481103, 0.481103, 0.481103, 0.480438, 0.479739, 0.471162, 0.471162, 0.471162, 0.471162, 0.471162, 0.471162, 0.471162, 0.471162, 0.470811, 0.470432, 0.469793, 0.469616, 0.469616, 0.469616, 0.468247, 0.468247, 0.468247, 0.468247, 0.468247, 0.464428, 0.464428, 0.464428, 0.464428, 0.464428, 0.460734, 0.460734, 0.460734, 0.460734, 0.460507, 0.460507, 0.460507, 0.456238, 0.456238, 0.456238, 0.456238, 0.456238, 0.456238, 0.456238, 0.456238, 0.456238, 0.456238, 0.456238, 0.456238, 0.455789, 0.455789, 0.455789, 0.453732, 0.453732, 0.453732, 0.453532, 0.453532, 0.453532, 0.452502, 0.45246, 0.45246, 0.45246, 0.45246, 0.450459, 0.450459, 0.450459, 0.449968, 0.449968, 0.449968, 0.448439, 0.448439, 0.448439, 0.448439, 0.448439, 0.448005, 0.444651, 0.444217, 0.444217, 0.444217, 0.444217, 0.444217, 0.444217, 0.444217, 0.444217, 0.444217, 0.441363, 0.441363, 0.441363, 0.441363, 0.441363, 0.441363, 0.441363, 0.441363, 0.435409, 0.435409, 0.435409, 0.435409, 0.435409, 0.435409, 0.434275, 0.428321, 0.428321, 0.428321, 0.428321, 0.428084, 0.428084, 0.428084, 0.424576, 0.424576, 0.424576, 0.424576, 0.420969, 0.420969, 0.420969, 0.420969, 0.420719, 0.420719, 0.419828, 0.419828, 0.419828, 0.419578, 0.419578, 0.419578, 0.419578, 0.419578, 0.419578, 0.419578, 0.419578, 0.419578, 0.419578, 0.419578, 0.419578, 0.419578, 0.419578, 0.417277, 0.417277, 0.417277, 0.417277, 0.417277, 0.417277, 0.417277, 0.417277, 0.417277, 0.417277, 0.417277, 0.417277, 0.417277, 0.417277, 0.417277, 0.414048, 0.414048, 0.414048, 0.414048, 0.414048, 0.412877, 0.412634, 0.412634, 0.412634, 0.412634, 0.410179, 0.410179, 0.410179, 0.410179, 0.410179, 0.410179, 0.406944, 0.404621, 0.404621, 0.401387, 0.401387, 0.401387, 0.401387, 0.401387, 0.401387, 0.401387, 0.396411, 0.393941, 0.393941, 0.393941, 0.393941, 0.393941, 0.393941, 0.393941, 0.393941, 0.393941, 0.393941, 0.393941, 0.393941, 0.393941, 0.393782, 0.393782, 0.393782, 0.393782, 0.393782, 0.393782, 0.391726, 0.391726, 0.391726, 0.391726, 0.391726, 0.389256, 0.389256, 0.389256, 0.389256, 0.389256, 0.386169, 0.386169, 0.386169, 0.386169, 0.382478, 0.382478, 0.382478, 0.382478, 0.381951, 0.377974, 0.377974, 0.377974, 0.377974, 0.377974, 0.377974, 0.377974, 0.377974, 0.377974, 0.377974, 0.377974, 0.377974, 0.377974, 0.377974, 0.377974, 0.377974, 0.377974, 0.377974, 0.374415, 0.374415, 0.374415, 0.374415, 0.374415, 0.374415, 0.374415, 0.374415, 0.374415, 0.374415, 0.374415, 0.374415, 0.372875, 0.372875, 0.372875, 0.372875, 0.372875, 0.372875, 0.372875, 0.372875, 0.372875, 0.372875, 0.372875, 0.372875, 0.372875, 0.372875, 0.372875, 0.372875, 0.372875, 0.372875, 0.372875, 0.372875, 0.372875, 0.372875, 0.372875, 0.372875, 0.372875, 0.372875, 0.372875, 0.372875, 0.372875, 0.372875, 0.372875, 0.372875, 0.372875, 0.372875, 0.371385, 0.368844, 0.368844, 0.368844, 0.368844, 0.368844, 0.368844, 0.368844, 0.368844, 0.368844, 0.368678, 0.368678, 0.368678, 0.368678, 0.367943, 0.367943, 0.367943, 0.362657, 0.362657, 0.362657, 0.362657, 0.362657, 0.362657, 0.362657, 0.362657, 0.362657, 0.362657, 0.362657, 0.362657, 0.362657, 0.362657, 0.362657, 0.362657, 0.35891, 0.35891, 0.35891, 0.35891, 0.35891, 0.35891, 0.35891, 0.35891, 0.35891, 0.35891, 0.35891, 0.35891, 0.35891, 0.35891, 0.35891, 0.35891, 0.35891, 0.35891, 0.35891, 0.35891, 0.35891, 0.35891, 0.357686, 0.357686, 0.357686, 0.357686, 0.357686, 0.357686, 0.357686, 0.357686, 0.353175, 0.353175, 0.353175, 0.353175, 0.352138, 0.352138, 0.352138, 0.352138, 0.352138, 0.352138, 0.352138, 0.352138, 0.352138, 0.352138, 0.352138, 0.352138, 0.352138, 0.352138, 0.352138, 0.352138, 0.352138, 0.352138, 0.352138, 0.352138, 0.352138, 0.352138, 0.351938, 0.351938, 0.351938, 0.351938, 0.351938, 0.351938, 0.351938, 0.35174, 0.347074, 0.347074, 0.347074, 0.346875, 0.346875, 0.346875, 0.346875, 0.346875, 0.346875, 0.343866, 0.343866, 0.343866, 0.338637, 0.338637, 0.338637, 0.338637, 0.338637, 0.338637, 0.338637, 0.338637, 0.338637, 0.338637, 0.338637, 0.338637, 0.338637, 0.338637, 0.332765, 0.332765, 0.332765, 0.332765, 0.332765, 0.332765, 0.332765, 0.332765, 0.332765, 0.332765, 0.332765, 0.332765, 0.332765, 0.332765, 0.332765, 0.332765, 0.332765, 0.332765, 0.332765, 0.332765, 0.332765, 0.332765, 0.332765, 0.332765, 0.332765, 0.332765, 0.332765, 0.332765, 0.332765, 0.332765, 0.332765, 0.332765, 0.332765, 0.332765, 0.332765, 0.332765, 0.332765, 0.331901, 0.331901, 0.331901, 0.331901, 0.331901, 0.328214, 0.328214, 0.328214, 0.328214, 0.328214, 0.328214, 0.328214, 0.328214, 0.328214, 0.328214, 0.328214, 0.328214, 0.328214, 0.328214, 0.327094, 0.327094, 0.327094, 0.327094, 0.327094, 0.327094, 0.327094, 0.327094, 0.327094, 0.327094, 0.326213, 0.326213, 0.326213, 0.326213, 0.326213, 0.326213, 0.326213, 0.322807, 0.322807, 0.322807, 0.322807, 0.322807, 0.322807, 0.321794, 0.321794, 0.321794, 0.321794, 0.321794, 0.321794, 0.321794, 0.321794, 0.321794, 0.321794, 0.321794, 0.321794, 0.321794, 0.321794, 0.321794, 0.321794, 0.321794, 0.321794, 0.321794, 0.321794, 0.321794, 0.321794, 0.321794, 0.321794, 0.321794, 0.321794, 0.321794, 0.321794, 0.321794, 0.321794, 0.321794, 0.321794, 0.321794, 0.321794, 0.321794, 0.321771, 0.317806, 0.317806, 0.317806, 0.317806, 0.317806, 0.317806, 0.317806, 0.317806, 0.317806, 0.317806, 0.317806, 0.317806, 0.317806, 0.317806, 0.317806, 0.317806, 0.317806, 0.317806, 0.317806, 0.317806, 0.317806, 0.317806, 0.317806, 0.317806, 0.317806, 0.317806, 0.317806, 0.317806, 0.317806, 0.317806, 0.317806, 0.317806, 0.317806, 0.317806, 0.317806, 0.317806, 0.317806, 0.317806, 0.317806, 0.317806, 0.317806, 0.317806, 0.317806, 0.317806, 0.317806, 0.317806, 0.317806, 0.317806, 0.317806, 0.317806, 0.317806, 0.317806, 0.317806, 0.317806, 0.317806, 0.317806, 0.317806, 0.317806, 0.317806, 0.317806, 0.317806, 0.317806, 0.317806, 0.317806, 0.317806, 0.317806, 0.317806, 0.317806, 0.317806, 0.317806, 0.317806, 0.317806, 0.317806, 0.317806, 0.317806, 0.317806, 0.317806, 0.317806, 0.317806, 0.317507, 0.317507, 0.313063, 0.313063, 0.313063, 0.313063, 0.313063, 0.313063, 0.313063, 0.313063, 0.313063, 0.313063, 0.313063, 0.313063, 0.313063, 0.313063, 0.313063, 0.313063, 0.313063, 0.313063, 0.313063, 0.313063, 0.313063, 0.313063, 0.312718, 0.312718, 0.312718, 0.312718, 0.312718, 0.312718, 0.312718, 0.31226, 0.31226, 0.311843, 0.311843, 0.311843, 0.311843, 0.311843, 0.311843, 0.311843, 0.311843, 0.311843, 0.311843, 0.311843, 0.311843, 0.311843, 0.311843, 0.311532, 0.311532, 0.311532, 0.311522, 0.308054, 0.308054, 0.308054, 0.308054, 0.308054, 0.307743, 0.307743, 0.307743, 0.307743, 0.307743, 0.307743, 0.307743, 0.307743, 0.307743, 0.307743, 0.307743, 0.307743, 0.307743, 0.307743, 0.307743, 0.307743, 0.307743, 0.307743, 0.306961, 0.306961, 0.306961, 0.306961, 0.306961, 0.306961, 0.306961, 0.306961, 0.306961, 0.306961, 0.306961, 0.306961, 0.306961, 0.306961, 0.306961, 0.306961, 0.306961, 0.306961, 0.306961, 0.306961, 0.306961, 0.306961, 0.306961, 0.306961, 0.306961, 0.306961, 0.305327, 0.305327, 0.303706, 0.303706, 0.303706, 0.303706, 0.303706, 0.30357, 0.30357, 0.30357, 0.30357, 0.30357, 0.30357, 0.30357, 0.30357, 0.30357, 0.30357, 0.30357, 0.30357, 0.30357, 0.303531, 0.303531, 0.303531, 0.303531, 0.303531, 0.303531, 0.303531, 0.303531, 0.303531, 0.303531, 0.303531, 0.303531, 0.303531, 0.303531, 0.303531, 0.303531, 0.303531, 0.303531, 0.303531, 0.303531, 0.303531, 0.303531, 0.303531, 0.303531, 0.303531, 0.303531, 0.303531, 0.303531, 0.303531, 0.303531, 0.303531, 0.303531, 0.303531, 0.303531, 0.303531]

./data/glass_set_CONST_10. Problema M.AGGSF (seed 1):   	4222ms	0.239173	52	0.188003
./data/glass_set_CONST_20. Problema M.AGGSF (seed 1):   	4576ms	0.280915	134	0.211153
