--------------------------------------------------------------------------
Reading: ./data/zoo_set.dat
--------------------------------------------------------------------------

--------------------------------------------------------------------------
Reading: ./data/zoo_set_const_10.const ,./data/zoo_set_const_20.const
--------------------------------------------------------------------------


SEMILLA 1						Time 	FitFunc 	Infeas 	Desviacion
./data/zoo_set_CONST_10. Problema COPKM (seed 1):	3ms	1.05182	2	1.03667

Fin del algoritmo Greedy en 5 iteraciones
./data/zoo_set_CONST_20. Problema COPKM (seed 1):	7ms	0.9048	0	0.9048

Fin del algoritmo Greedy en 6 iteraciones
./data/zoo_set_CONST_10. Problema BL (seed 1):   	107ms	0.694087	11	0.610733	IteracionesBL: 5242

Fin del algoritmo Búsqueda Local en 5242 iteraciones
./data/zoo_set_CONST_20. Problema BL (seed 1):   	85ms	0.811086	23	0.71821	IteracionesBL: 4052

Fin del algoritmo Búsqueda Local en 4052 iteraciones
./data/zoo_set_CONST_10. Problema AGEUN (seed 1):   	2119ms	0.810637	6	0.765171
./data/zoo_set_CONST_20. Problema AGEUN (seed 1):   	2302ms	0.787613	17	0.718965
./data/zoo_set_CONST_10. Problema AGESF (seed 1):   	1956ms	0.693931	11	0.610577
./data/zoo_set_CONST_20. Problema AGESF (seed 1):   	2064ms	0.810173	48	0.616345
./data/zoo_set_CONST_10. Problema AGGUN (seed 1):   	2111ms	1.06001	20	0.908455
./data/zoo_set_CONST_20. Problema AGGUN (seed 1):   	2218ms	0.818899	25	0.717947
./data/zoo_set_CONST_10. Problema AGGSF (seed 1):   	2010ms	0.670065	8	0.609444

EVOLUCIÓN AGGSF
AGGSF=[2.9046, 2.624, 2.54549, 2.54549, 2.54549, 2.54549, 2.54549, 2.54549, 2.5452, 2.53252, 2.51042, 2.51042, 2.4956, 2.49119, 2.47885, 2.43156, 2.43156, 2.39738, 2.39738, 2.39738, 2.39738, 2.39383, 2.39383, 2.38015, 2.38015, 2.38015, 2.36431, 2.36431, 2.36431, 2.34298, 2.34298, 2.34298, 2.32291, 2.32291, 2.31593, 2.31593, 2.30862, 2.28605, 2.28605, 2.28605, 2.28605, 2.28155, 2.27746, 2.27131, 2.27131, 2.27131, 2.26174, 2.25881, 2.25881, 2.23827, 2.23827, 2.21925, 2.21925, 2.21481, 2.21481, 2.1984, 2.19422, 2.18066, 2.18066, 2.17368, 2.14825, 2.14825, 2.14825, 2.13827, 2.13827, 2.1228, 2.12219, 2.10672, 2.10672, 2.10093, 2.09128, 2.09128, 2.08842, 2.0855, 2.0855, 2.0855, 2.05896, 2.05896, 2.05896, 2.05896, 2.0468, 2.04671, 2.04671, 2.04671, 2.03893, 2.03893, 2.03893, 2.03791, 2.01676, 2.01676, 2.01676, 2.01676, 1.9928, 1.97063, 1.97063, 1.97063, 1.97063, 1.96245, 1.95248, 1.95196, 1.95196, 1.94511, 1.94511, 1.93884, 1.93884, 1.93884, 1.93884, 1.93884, 1.93639, 1.93482, 1.93096, 1.91662, 1.91662, 1.91662, 1.91302, 1.91302, 1.91103, 1.91103, 1.90889, 1.90281, 1.90081, 1.90081, 1.90081, 1.86667, 1.86027, 1.85102, 1.85102, 1.85102, 1.84126, 1.82579, 1.82579, 1.82579, 1.82579, 1.82579, 1.82424, 1.82221, 1.82221, 1.82221, 1.82065, 1.82065, 1.80693, 1.80553, 1.80553, 1.80351, 1.79132, 1.7899, 1.78695, 1.78695, 1.77163, 1.77163, 1.77163, 1.77163, 1.76431, 1.76431, 1.76431, 1.76431, 1.76431, 1.76431, 1.76431, 1.75736, 1.75736, 1.75435, 1.75435, 1.75435, 1.75135, 1.75135, 1.74604, 1.74188, 1.74188, 1.74188, 1.73925, 1.73925, 1.73925, 1.73355, 1.73355, 1.73355, 1.72362, 1.72362, 1.71609, 1.71609, 1.71609, 1.71217, 1.69617, 1.69617, 1.69617, 1.69617, 1.69187, 1.69187, 1.69187, 1.68921, 1.68921, 1.68491, 1.67857, 1.67857, 1.67216, 1.67059, 1.6626, 1.6626, 1.64667, 1.64667, 1.64667, 1.64667, 1.64667, 1.64667, 1.64667, 1.64667, 1.63631, 1.63631, 1.63631, 1.63631, 1.63631, 1.63631, 1.63631, 1.63631, 1.62866, 1.62866, 1.62866, 1.62866, 1.62866, 1.62809, 1.62809, 1.62752, 1.62752, 1.62317, 1.62317, 1.62317, 1.60155, 1.60155, 1.60155, 1.59681, 1.59292, 1.59292, 1.59292, 1.59292, 1.589, 1.589, 1.589, 1.589, 1.589, 1.589, 1.589, 1.58349, 1.58349, 1.58349, 1.5807, 1.5807, 1.5807, 1.57935, 1.57935, 1.57935, 1.56759, 1.56759, 1.56759, 1.56658, 1.56658, 1.56658, 1.56658, 1.56658, 1.56658, 1.56658, 1.55849, 1.53229, 1.53229, 1.53229, 1.53229, 1.52442, 1.52442, 1.52442, 1.52442, 1.52, 1.52, 1.50797, 1.50356, 1.50356, 1.50068, 1.50068, 1.50068, 1.50068, 1.50068, 1.49833, 1.49832, 1.49542, 1.49542, 1.49542, 1.4807, 1.4807, 1.4807, 1.4807, 1.47543, 1.46975, 1.46975, 1.44972, 1.44972, 1.44282, 1.44282, 1.44282, 1.44282, 1.44282, 1.44022, 1.44022, 1.44022, 1.44022, 1.44022, 1.44022, 1.44022, 1.44022, 1.44022, 1.44022, 1.44022, 1.44022, 1.44022, 1.44022, 1.44022, 1.44022, 1.43708, 1.43708, 1.43708, 1.43708, 1.43708, 1.43384, 1.43384, 1.43384, 1.4324, 1.43049, 1.43049, 1.43049, 1.42738, 1.42738, 1.42738, 1.42738, 1.42738, 1.42738, 1.38747, 1.38747, 1.38747, 1.38747, 1.38539, 1.38282, 1.38282, 1.36563, 1.36563, 1.36563, 1.36035, 1.36035, 1.36035, 1.35827, 1.35827, 1.35827, 1.35827, 1.35827, 1.34886, 1.34886, 1.34886, 1.34886, 1.32379, 1.32379, 1.32379, 1.32379, 1.32379, 1.32379, 1.32379, 1.32379, 1.32379, 1.32379, 1.32379, 1.32379, 1.32379, 1.31981, 1.30396, 1.29878, 1.29878, 1.29878, 1.29835, 1.29835, 1.29835, 1.29835, 1.29835, 1.29835, 1.28225, 1.28225, 1.27497, 1.27497, 1.27497, 1.27497, 1.27497, 1.27497, 1.27497, 1.27497, 1.27497, 1.25831, 1.25831, 1.25831, 1.25831, 1.25831, 1.25831, 1.25557, 1.25557, 1.25557, 1.25557, 1.25557, 1.25557, 1.25557, 1.25557, 1.25557, 1.25557, 1.25557, 1.25557, 1.25557, 1.25557, 1.24157, 1.24157, 1.24157, 1.24157, 1.24157, 1.24157, 1.24157, 1.24157, 1.24157, 1.24157, 1.24157, 1.24157, 1.23577, 1.23577, 1.23577, 1.23577, 1.23306, 1.23306, 1.23306, 1.23306, 1.22169, 1.22169, 1.19763, 1.19763, 1.19763, 1.18355, 1.18355, 1.18187, 1.18187, 1.18187, 1.18187, 1.18187, 1.18187, 1.18187, 1.18187, 1.18187, 1.18187, 1.18187, 1.1737, 1.1737, 1.1737, 1.1737, 1.16167, 1.16167, 1.15087, 1.15087, 1.15087, 1.15087, 1.15087, 1.15087, 1.15087, 1.15087, 1.15087, 1.15087, 1.15087, 1.15087, 1.15087, 1.15087, 1.15087, 1.15087, 1.15087, 1.15087, 1.15087, 1.15087, 1.15087, 1.15087, 1.15087, 1.15087, 1.15087, 1.15087, 1.15087, 1.15087, 1.15087, 1.15087, 1.15087, 1.15087, 1.15087, 1.15087, 1.15087, 1.15087, 1.15087, 1.15087, 1.1467, 1.1467, 1.1467, 1.1467, 1.1467, 1.1467, 1.14179, 1.14179, 1.14179, 1.14179, 1.13664, 1.13664, 1.13664, 1.13084, 1.13084, 1.13084, 1.13084, 1.13084, 1.13084, 1.12722, 1.11867, 1.11867, 1.11867, 1.11867, 1.11867, 1.11867, 1.11867, 1.11867, 1.11867, 1.11867, 1.10104, 1.10104, 1.10104, 1.10104, 1.10104, 1.10104, 1.10104, 1.10104, 1.10104, 1.10104, 1.10104, 1.10104, 1.10104, 1.10104, 1.10104, 1.10104, 1.10104, 1.10104, 1.10104, 1.10104, 1.10104, 1.10104, 1.10104, 1.10104, 1.10104, 1.10104, 1.10104, 1.08493, 1.08493, 1.08493, 1.08493, 1.08493, 1.08493, 1.08211, 1.066, 1.066, 1.066, 1.066, 1.066, 1.06463, 1.06463, 1.06463, 1.06463, 1.06463, 1.06463, 1.06463, 1.06045, 1.06045, 1.06045, 1.06045, 1.06045, 1.06045, 1.06045, 1.06045, 1.06045, 1.06045, 1.06045, 1.06045, 1.06045, 1.06045, 1.06045, 1.06045, 1.06045, 1.06045, 1.06045, 1.06045, 1.06045, 1.06045, 1.06045, 1.05859, 1.05859, 1.05859, 1.05859, 1.05859, 1.05859, 1.05859, 1.05859, 1.05859, 1.05859, 1.05859, 1.05859, 1.05859, 1.04815, 1.04815, 1.04815, 1.04815, 1.04815, 1.04815, 1.04815, 1.04815, 1.04815, 1.04363, 1.04363, 1.04363, 1.04363, 1.03733, 1.03733, 1.03733, 1.03733, 1.03733, 1.03733, 1.03733, 1.03733, 1.03733, 1.03733, 1.03733, 1.03733, 1.03733, 1.03733, 1.03733, 1.03733, 1.03733, 1.03733, 1.03733, 1.03733, 1.03733, 1.03733, 1.03733, 1.03733, 1.03733, 1.03733, 1.03153, 1.03153, 1.03153, 1.03153, 1.03153, 1.03153, 1.03153, 1.03153, 1.03153, 1.03153, 1.03153, 1.03153, 1.03153, 1.03153, 1.03153, 1.03153, 1.03153, 1.03086, 1.03086, 1.03086, 1.03086, 1.03086, 1.03086, 1.03086, 1.03086, 1.03086, 1.03086, 1.03086, 1.03086, 1.03086, 1.03086, 1.03086, 1.03086, 1.03086, 1.03086, 1.03086, 1.03086, 1.03086, 1.03086, 1.03086, 1.03086, 1.03086, 1.02373, 1.02373, 1.02373, 1.02373, 1.02373, 1.02373, 1.02373, 1.02373, 1.02373, 1.02373, 1.02373, 1.02373, 1.02373, 1.02373, 1.02373, 1.02373, 1.02373, 1.02373, 1.02373, 1.02373, 1.02373, 1.02373, 1.02373, 1.02373, 1.02373, 1.02373, 1.02373, 1.02373, 1.02373, 1.02373, 1.02373, 1.02373, 1.02373, 1.02373, 1.02373, 1.02373, 1.02373, 1.02373, 1.02373, 1.02373, 1.02373, 1.02373, 1.02373, 1.02373, 1.02373, 1.02373, 1.02373, 1.02373, 1.02373, 1.02373, 1.02373, 1.02373, 1.02373, 1.02373, 1.02373, 1.02373, 1.02373, 1.02373, 1.02373, 1.02373, 1.02373, 1.02373, 1.02373, 1.02373, 1.02373, 1.02373, 1.02373, 1.02373, 1.02373, 1.02373, 1.02373, 1.02373, 1.02373, 1.02373, 1.02373, 1.02373, 1.0208, 1.0208, 1.0208, 1.0208, 1.0208, 1.0208, 1.01571, 1.01571, 1.01571, 1.01278, 1.01278, 1.01278, 1.01278, 1.01278, 1.01278, 1.01278, 1.01278, 1.01278, 1.01278, 1.01278, 1.01278, 1.01278, 1.01278, 1.01278, 1.01278, 1.01278, 1.01278, 1.01278, 1.01278, 1.01278, 1.01278, 1.01278, 1.01278, 1.01278, 1.01278, 1.01278, 1.01278, 1.01278, 1.01278, 1.01278, 1.01278, 1.01278, 1.01278, 1.01278, 1.01278, 1.01278, 1.01278, 1.01278, 1.01278, 1.01278, 1.01278, 1.01278, 1.01278, 1.01278, 1.01278, 1.01278, 1.01278, 1.01278, 1.01278, 1.01278, 1.01278, 1.01278, 1.01278, 1.00718, 1.00718, 1.00718, 1.00718, 1.00718, 1.00718, 1.00718, 1.00718, 1.00718, 1.00718, 1.00718, 1.00718, 1.00071, 1.00071, 1.00071, 1.00071, 1.00071, 1.00071, 1.00071, 1.00071, 1.00071, 1.00071, 1.00071, 1.00071, 1.00071, 1.00071, 1.00071, 1.00071, 1.00071, 1.00071, 1.00071, 1.00071, 1.00071, 1.00071, 1.00071, 1.00071, 1.00071, 1.00071, 1.00071, 1.00071, 1.00071, 1.00071, 1.00071, 1.00071, 1.00071, 1.00071, 1.00071, 1.00071, 1.00071, 1.00071, 1.00071, 1.00071, 1.00071, 1.00071, 1.00071, 1.00071, 1.00071, 1.00071, 1.00071, 1.00071, 1.00071, 1.00071, 1.00015, 1.00015, 1.00015, 1.00015, 1.00015, 1.00015, 1.00015, 1.00015, 1.00015, 1.00015, 1.00015, 1.00015, 1.00015, 1.00015, 1.00015, 0.996165, 0.996165, 0.996165, 0.996165, 0.996165, 0.990116, 0.990116, 0.990116, 0.990116, 0.990116, 0.990116, 0.990116, 0.990116, 0.990116, 0.990116, 0.990116, 0.990116, 0.990116, 0.990116, 0.990116, 0.990116, 0.990116, 0.990116, 0.990116, 0.986963, 0.986963, 0.986963, 0.986963, 0.986963, 0.986963, 0.986963, 0.986963, 0.986963, 0.986963, 0.986963, 0.986963, 0.986963, 0.985576, 0.985576, 0.985576, 0.985576, 0.985576, 0.985576, 0.985576, 0.985576, 0.985576, 0.985576, 0.985576, 0.985576, 0.985576, 0.985576, 0.985576, 0.985576, 0.985576, 0.985576, 0.979022, 0.979022, 0.979022, 0.979022, 0.979022, 0.979022, 0.979022, 0.979022, 0.979022, 0.964982, 0.964982, 0.964982, 0.964982, 0.964982, 0.964982, 0.964982, 0.959519, 0.959519, 0.959519, 0.959519, 0.959519, 0.959519, 0.959519, 0.959519, 0.959519, 0.959519, 0.959519, 0.959519, 0.959519, 0.959519, 0.959519, 0.959519, 0.959519, 0.959519, 0.959519, 0.959519, 0.959519, 0.959519, 0.959519, 0.959519, 0.959519, 0.959519, 0.959519, 0.959519, 0.959519, 0.959519, 0.959519, 0.959519, 0.959519, 0.958246, 0.958246, 0.958246, 0.958246, 0.958246, 0.958246, 0.958246, 0.955599, 0.955599, 0.955599, 0.954707, 0.954707, 0.954707, 0.954707, 0.954707, 0.954707, 0.954707, 0.954707, 0.954707, 0.954707, 0.954707, 0.954707, 0.954707, 0.954707, 0.954707, 0.954707, 0.954707, 0.954707, 0.954707, 0.936053, 0.936053, 0.936053, 0.936053, 0.936053, 0.936053, 0.936053, 0.936053, 0.936053, 0.936053, 0.936053, 0.936053, 0.936053, 0.936053, 0.905145, 0.905145, 0.905145, 0.905145, 0.905145, 0.905145, 0.905145, 0.904912, 0.904912, 0.904912, 0.904912, 0.904912, 0.904912, 0.904912, 0.904912, 0.904912, 0.904912, 0.904912, 0.904912, 0.904912, 0.904912, 0.904912, 0.904912, 0.904912, 0.904912, 0.904912, 0.904912, 0.904274, 0.904274, 0.904274, 0.904274, 0.904274, 0.904274, 0.904274, 0.904274, 0.904274, 0.904274, 0.903562, 0.903562, 0.903562, 0.903562, 0.903562, 0.903562, 0.903562, 0.903562, 0.903562, 0.903562, 0.903562, 0.903562, 0.903562, 0.903562, 0.903562, 0.903562, 0.903562, 0.903562, 0.903562, 0.903562, 0.903562, 0.903562, 0.903562, 0.903562, 0.903562, 0.878894, 0.878894, 0.878894, 0.878894, 0.878894, 0.878894, 0.878894, 0.878894, 0.878894, 0.878894, 0.878894, 0.878894, 0.878894, 0.878894, 0.878894, 0.878894, 0.878894, 0.878894, 0.878894, 0.878894, 0.878894, 0.878894, 0.878894, 0.878894, 0.878894, 0.878894, 0.878894, 0.878894, 0.878894, 0.878894, 0.878894, 0.878894, 0.878894, 0.878894, 0.878894, 0.878894, 0.878894, 0.878894, 0.878894, 0.878894, 0.878894, 0.878894, 0.878894, 0.878894, 0.871375, 0.871375, 0.871375, 0.871375, 0.871375, 0.871375, 0.871375, 0.871375, 0.871375, 0.871375, 0.871375, 0.871375, 0.871375, 0.871375, 0.871375, 0.871375, 0.871375, 0.871375, 0.871375, 0.871375, 0.871375, 0.871375, 0.871375, 0.871375, 0.871375, 0.871375, 0.871375, 0.867221, 0.867221, 0.867221, 0.867221, 0.867221, 0.867221, 0.867221, 0.867221, 0.867221, 0.867221, 0.867221, 0.867221, 0.867221, 0.867221, 0.867221, 0.867221, 0.867221, 0.867221, 0.867221, 0.867221, 0.867221, 0.867221, 0.867221, 0.867221, 0.867221, 0.867221, 0.867221, 0.867221, 0.867221, 0.867221, 0.863211, 0.863211, 0.863211, 0.863211, 0.863211, 0.863211, 0.863211, 0.863211, 0.863211, 0.863211, 0.863211, 0.863211, 0.863211, 0.863211, 0.863211, 0.863211, 0.863211, 0.863211, 0.863211, 0.863211, 0.863211, 0.863211, 0.863211, 0.863211, 0.863211, 0.863211, 0.863211, 0.863211, 0.863211, 0.863211, 0.863211, 0.857176, 0.857176, 0.857176, 0.857176, 0.857176, 0.857176, 0.857176, 0.857176, 0.857176, 0.857176, 0.857176, 0.857176, 0.857176, 0.857176, 0.857176, 0.857176, 0.857176, 0.857176, 0.857176, 0.857176, 0.857176, 0.857176, 0.857176, 0.857176, 0.857176, 0.848052, 0.848052, 0.848052, 0.848052, 0.848052, 0.848052, 0.848052, 0.848052, 0.848052, 0.848052, 0.848052, 0.848052, 0.848052, 0.848052, 0.848052, 0.848052, 0.848052, 0.848052, 0.848052, 0.848052, 0.848052, 0.848052, 0.848052, 0.848052, 0.848052, 0.848052, 0.848052, 0.848052, 0.848052, 0.848052, 0.848052, 0.845371, 0.845371, 0.845371, 0.845371, 0.845371, 0.845371, 0.845371, 0.845371, 0.845371, 0.845371, 0.845371, 0.845371, 0.845371, 0.845371, 0.845371, 0.845371, 0.845371, 0.845371, 0.845371, 0.845371, 0.845371, 0.845371, 0.845371, 0.845371, 0.845371, 0.845371, 0.845371, 0.845371, 0.845371, 0.845371, 0.845371, 0.845371, 0.845371, 0.845371, 0.845371, 0.845371, 0.845371, 0.845371, 0.845371, 0.845371, 0.845371, 0.845371, 0.845371, 0.845371, 0.845371, 0.845371, 0.845371, 0.845371, 0.845371, 0.845371, 0.845371, 0.845371, 0.845371, 0.845371, 0.845371, 0.845371, 0.845371, 0.845371, 0.845371, 0.845371, 0.845371, 0.845371, 0.845371, 0.845371, 0.845371, 0.845371, 0.845371, 0.845371, 0.845371, 0.845371, 0.845371, 0.845371, 0.845371, 0.845371, 0.845371, 0.845371, 0.845371, 0.845371, 0.845371, 0.845371, 0.845371, 0.845371, 0.845371, 0.845371, 0.845371, 0.845371, 0.845371, 0.845371, 0.845371, 0.845371, 0.845371, 0.845371, 0.845371, 0.845371, 0.807295, 0.807295, 0.807295, 0.807295, 0.806874, 0.806874, 0.806874, 0.806874, 0.806874, 0.806874, 0.806874, 0.806874, 0.806874, 0.806874, 0.806874, 0.806874, 0.806874, 0.806874, 0.806874, 0.806874, 0.806874, 0.806874, 0.806874, 0.806874, 0.806874, 0.806874, 0.806874, 0.801385, 0.801385, 0.801385, 0.801385, 0.801385, 0.801385, 0.801385, 0.801385, 0.801385, 0.801385, 0.801385, 0.801385, 0.801385, 0.801385, 0.801385, 0.801385, 0.801385, 0.801385, 0.801385, 0.801385, 0.801385, 0.801385, 0.801385, 0.801385, 0.801385, 0.801385, 0.801385, 0.801385, 0.801385, 0.801385, 0.801385, 0.801385, 0.801385, 0.801385, 0.801385, 0.801385, 0.801385, 0.801385, 0.801385, 0.801385, 0.801385, 0.801385, 0.801385, 0.801385, 0.801385, 0.801385, 0.801385, 0.801385, 0.801385, 0.801385, 0.793743, 0.793743, 0.793743, 0.793743, 0.793743, 0.793743, 0.78214, 0.78214, 0.78214, 0.78214, 0.78214, 0.76833, 0.76833, 0.76833, 0.76833, 0.76833, 0.76833, 0.76833, 0.76833, 0.76833, 0.76833, 0.76833, 0.76833, 0.76833, 0.76833, 0.76833, 0.76833, 0.76833, 0.76833, 0.763676, 0.763676, 0.763676, 0.763676, 0.763676, 0.763676, 0.763676, 0.763676, 0.763676, 0.763676, 0.763676, 0.763676, 0.763676, 0.763676, 0.763676, 0.763676, 0.763676, 0.763676, 0.763676, 0.763676, 0.763676, 0.763676, 0.763676, 0.763676, 0.763676, 0.763676, 0.763676, 0.763676, 0.763676, 0.763676, 0.763676, 0.763676, 0.763676, 0.763676, 0.763676, 0.763676, 0.763676, 0.763676, 0.763676, 0.763676, 0.762641, 0.762641, 0.762641, 0.762641, 0.762641, 0.762641, 0.762641, 0.762641, 0.762641, 0.762641, 0.762641, 0.762641, 0.762641, 0.762641, 0.762641, 0.762641, 0.762641, 0.762641, 0.762641, 0.762641, 0.762641, 0.762641, 0.762641, 0.762641, 0.762641, 0.762641, 0.743015, 0.743015, 0.743015, 0.743015, 0.743015, 0.743015, 0.743015, 0.743015, 0.743015, 0.743015, 0.743015, 0.743015, 0.743015, 0.743015, 0.743015, 0.743015, 0.743015, 0.743015, 0.743015, 0.743015, 0.743015, 0.743015, 0.743015, 0.743015, 0.743015, 0.743015, 0.743015, 0.743015, 0.743015, 0.743015, 0.743015, 0.743015, 0.743015, 0.743015, 0.743015, 0.743015, 0.743015, 0.743015, 0.743015, 0.743015, 0.743015, 0.743015, 0.743015, 0.743015, 0.743015, 0.743015, 0.743015, 0.743015, 0.743015, 0.743015, 0.743015, 0.743015, 0.743015, 0.743015, 0.743015, 0.743015, 0.743015, 0.743015, 0.743015, 0.743015, 0.743015, 0.743015, 0.743015, 0.743015, 0.743015, 0.743015, 0.743015, 0.743015, 0.743015, 0.743015, 0.743015, 0.743015, 0.743015, 0.743015, 0.743015, 0.743015, 0.743015, 0.743015, 0.743015, 0.743015, 0.743015, 0.743015, 0.743015, 0.743015, 0.743015, 0.743015, 0.743015, 0.743015, 0.743015, 0.743015, 0.743015, 0.743015, 0.743015, 0.743015, 0.743015, 0.743015, 0.743015, 0.743015, 0.743015, 0.743015, 0.743015, 0.743015, 0.743015, 0.743015, 0.743015, 0.743015, 0.743015, 0.743015, 0.743015, 0.743015, 0.743015, 0.743015, 0.743015, 0.743015, 0.743015, 0.743015, 0.743015, 0.743015, 0.743015, 0.743015, 0.743015, 0.743015, 0.743015, 0.743015, 0.743015, 0.743015, 0.743015, 0.743015, 0.743015, 0.743015, 0.743015, 0.743015, 0.743015, 0.743015, 0.743015, 0.743015, 0.743015, 0.743015, 0.743015, 0.743015, 0.743015, 0.743015, 0.743015, 0.743015, 0.743015, 0.743015, 0.743015, 0.743015, 0.743015, 0.743015, 0.743015, 0.743015, 0.743015, 0.743015, 0.743015, 0.743015, 0.743015, 0.743015, 0.743015, 0.743015, 0.743015, 0.743015, 0.740947, 0.740947, 0.740947, 0.740947, 0.740947, 0.740947, 0.740947, 0.740947, 0.740947, 0.740947, 0.740947, 0.740947, 0.740947, 0.740947, 0.740947, 0.740947, 0.740947, 0.740947, 0.740947, 0.740947, 0.740947, 0.740947, 0.740947, 0.740947, 0.740947, 0.740947, 0.740947, 0.740947, 0.740947, 0.740947, 0.740947, 0.740947, 0.740947, 0.740947, 0.740947, 0.740947, 0.740947, 0.740947, 0.740947, 0.740947, 0.740947, 0.740947, 0.740947, 0.740947, 0.740947, 0.740947, 0.740947, 0.740947, 0.740947, 0.740947, 0.740947, 0.740947, 0.740947, 0.740947, 0.740947, 0.740947, 0.740947, 0.740947, 0.740947, 0.740947, 0.740947, 0.740947, 0.740947, 0.740947, 0.740947, 0.740947, 0.740947, 0.740947, 0.740947, 0.740947, 0.740947, 0.740947, 0.740947, 0.740947, 0.740947, 0.740947, 0.740947, 0.740947, 0.740947, 0.740947, 0.740947, 0.740947, 0.740276, 0.740276, 0.740276, 0.740276, 0.740276, 0.740276, 0.740276, 0.740276, 0.740276, 0.740276, 0.740276, 0.740276, 0.740276, 0.740276, 0.740276, 0.740276, 0.740276, 0.740276, 0.740276, 0.740276, 0.740276, 0.740276, 0.740276, 0.740276, 0.740276, 0.740276, 0.740276, 0.684948, 0.684948, 0.684948, 0.684948, 0.684948, 0.684948, 0.684948, 0.684948, 0.684948, 0.684948, 0.684948, 0.684948, 0.684948, 0.684948, 0.684948, 0.684948, 0.684948, 0.684948, 0.684948, 0.684948, 0.684948, 0.684948, 0.684948, 0.684948, 0.684948, 0.684948, 0.684948, 0.684948, 0.684948, 0.684948, 0.684948, 0.684948, 0.684948, 0.684948, 0.684948, 0.684948, 0.684948, 0.684948, 0.684948, 0.684948, 0.684948, 0.684948, 0.684948, 0.684948, 0.684948, 0.684948, 0.684948, 0.684948, 0.684948, 0.684948, 0.684948, 0.684948, 0.684948, 0.684948, 0.684948, 0.684948, 0.684948, 0.684948, 0.684948, 0.684948, 0.684948, 0.684948, 0.684948, 0.684948, 0.684948, 0.684948, 0.684948, 0.684948, 0.684948, 0.684948, 0.684948, 0.684948, 0.684948, 0.684948, 0.684948, 0.684948, 0.684948, 0.684948, 0.684948, 0.684948, 0.684948, 0.684948, 0.684948, 0.684948, 0.684948, 0.684948, 0.684948, 0.684948, 0.684948, 0.684948, 0.684948, 0.684948, 0.684948, 0.684948, 0.684948, 0.684948, 0.684948, 0.684948, 0.684948, 0.684948, 0.684948, 0.684948, 0.684948, 0.684948, 0.684948, 0.684948, 0.684948, 0.684948, 0.684948, 0.684948, 0.684948, 0.684948, 0.684948, 0.684948, 0.684948, 0.684948, 0.684948, 0.684948, 0.684948, 0.684948, 0.684948, 0.684948, 0.684948, 0.684948, 0.684948, 0.684948, 0.684948, 0.684948, 0.684948, 0.684948, 0.684948, 0.684948, 0.684948, 0.684948, 0.684948, 0.684948, 0.684948, 0.684948, 0.684948, 0.684948, 0.684948, 0.684948, 0.684948, 0.684948, 0.684948, 0.684948, 0.684948, 0.684948, 0.684948, 0.684948, 0.684948, 0.684948, 0.684948, 0.684948, 0.684948, 0.684948, 0.684948, 0.684948, 0.684948, 0.684948, 0.684948, 0.684948, 0.684948, 0.684948, 0.684948, 0.684948, 0.684948, 0.684948, 0.684948, 0.684948, 0.684948, 0.684948, 0.684948, 0.684948, 0.684948, 0.684948, 0.684948, 0.684948, 0.684948, 0.684948, 0.684948, 0.684948, 0.684948, 0.684948, 0.684948, 0.684948, 0.684948, 0.684948, 0.684948, 0.684948, 0.684948, 0.684948, 0.684948, 0.684948, 0.684948, 0.684948, 0.684948, 0.684948, 0.684948, 0.684948, 0.684948, 0.684948, 0.684948, 0.684948, 0.684948, 0.684948, 0.684948, 0.684948, 0.684948, 0.684948, 0.684948, 0.684948, 0.684948, 0.684948, 0.684948, 0.684948, 0.684948, 0.684948, 0.684948, 0.684948, 0.684948, 0.684948, 0.684948, 0.684948, 0.684948, 0.684948, 0.684948, 0.684948, 0.684948, 0.684948, 0.684948, 0.684948, 0.684948, 0.684948, 0.684948, 0.684948, 0.684948, 0.684948, 0.684948, 0.684948, 0.684948, 0.684948, 0.684948, 0.684948, 0.684948, 0.684948, 0.684948, 0.684948, 0.684948, 0.684948, 0.684948, 0.684948, 0.684948, 0.684948, 0.684948, 0.684948, 0.684948, 0.684948, 0.684948, 0.684948, 0.684948, 0.684948, 0.684948, 0.684948, 0.684948, 0.684948, 0.684948, 0.684948, 0.684948, 0.684948, 0.684948, 0.684948, 0.684948, 0.684948, 0.684948, 0.684948, 0.684948, 0.684948, 0.684948, 0.684948, 0.684948, 0.684948, 0.684948, 0.684948, 0.684948, 0.684948, 0.684948, 0.684948, 0.684948, 0.684948, 0.684948, 0.684948, 0.684948, 0.684948, 0.684948, 0.684948, 0.684948, 0.684948, 0.684948, 0.684948, 0.684948, 0.684948, 0.684948, 0.684948, 0.684948, 0.684948, 0.684948, 0.684948, 0.684948, 0.684948, 0.684948, 0.684948, 0.684948, 0.684948, 0.684948, 0.684948, 0.684948, 0.684948, 0.684948, 0.684948, 0.684948, 0.684948, 0.684948, 0.684948, 0.684948, 0.684948, 0.684948, 0.684948, 0.684948, 0.684948, 0.684948, 0.684948, 0.684948, 0.684948, 0.684948, 0.684948, 0.684948, 0.684948, 0.684948, 0.684948, 0.684948, 0.684948, 0.684948, 0.684948, 0.684948, 0.684948, 0.684948, 0.684948, 0.684948, 0.684948, 0.684948, 0.684948, 0.684948, 0.684948, 0.684948, 0.684948, 0.684948, 0.684948, 0.684948, 0.684948, 0.684948, 0.684948, 0.684948, 0.684948, 0.684948, 0.684948, 0.684948, 0.684948, 0.684948, 0.684948, 0.684948, 0.684948, 0.684948, 0.684948, 0.684948, 0.684948, 0.684948, 0.684948, 0.684948, 0.684948, 0.684948, 0.684948, 0.684948, 0.684948, 0.684948, 0.684948, 0.684948, 0.684948, 0.684948, 0.684948, 0.684948, 0.684948, 0.684948, 0.684948, 0.684948, 0.684948, 0.684948, 0.684948, 0.684948, 0.684948, 0.684948, 0.684948, 0.684948, 0.684948, 0.684948, 0.684948, 0.684948, 0.684948, 0.684948, 0.684948, 0.684948, 0.684948, 0.684948, 0.684948, 0.684948, 0.684948, 0.684948, 0.684948, 0.684948, 0.684948, 0.684948, 0.684948, 0.684948, 0.684948, 0.684948, 0.684948, 0.684948, 0.684948, 0.684948, 0.684948, 0.684948, 0.684948, 0.684948, 0.684948, 0.684948, 0.684948, 0.684948, 0.684948, 0.684948, 0.684948, 0.684948, 0.684948, 0.684948, 0.684948, 0.684948, 0.684948, 0.684948, 0.684948, 0.684948, 0.684948, 0.684948, 0.684948, 0.684948, 0.684948, 0.684948, 0.684948, 0.684948, 0.684948, 0.684948, 0.684948, 0.684948, 0.684948, 0.684948, 0.684948, 0.684948, 0.684948, 0.684948, 0.684948, 0.684948, 0.684948, 0.684948, 0.684948, 0.684948, 0.684948, 0.684948, 0.684948, 0.684948, 0.684948, 0.684948, 0.684948, 0.684948, 0.684948, 0.684948, 0.684948, 0.684948, 0.684948, 0.684948, 0.684948, 0.684948, 0.684948, 0.684948, 0.684948, 0.684948, 0.684948, 0.684948, 0.684948, 0.684948, 0.684948, 0.684948, 0.684948, 0.684948, 0.684948, 0.684948, 0.684948, 0.684948, 0.684948, 0.684948, 0.684948, 0.684948, 0.684948, 0.684948, 0.684948, 0.684948, 0.684948, 0.684948, 0.684948, 0.684948, 0.684948, 0.684948, 0.684948, 0.684948, 0.684948, 0.684948, 0.684948, 0.684948, 0.684948, 0.684948, 0.684948, 0.684948, 0.684948, 0.684948, 0.684948, 0.670065, 0.670065, 0.670065, 0.670065, 0.670065, 0.670065, 0.670065, 0.670065, 0.670065, 0.670065, 0.670065, 0.670065, 0.670065, 0.670065, 0.670065, 0.670065, 0.670065, 0.670065, 0.670065, 0.670065, 0.670065, 0.670065, 0.670065, 0.670065, 0.670065, 0.670065, 0.670065, 0.670065, 0.670065, 0.670065, 0.670065, 0.670065, 0.670065, 0.670065, 0.670065, 0.670065, 0.670065, 0.670065, 0.670065, 0.670065, 0.670065, 0.670065, 0.670065, 0.670065, 0.670065, 0.670065, 0.670065, 0.670065, 0.670065, 0.670065, 0.670065, 0.670065, 0.670065, 0.670065, 0.670065, 0.670065, 0.670065, 0.670065, 0.670065, 0.670065, 0.670065, 0.670065, 0.670065, 0.670065, 0.670065, 0.670065, 0.670065, 0.670065, 0.670065, 0.670065, 0.670065]
./data/zoo_set_CONST_20. Problema AGGSF (seed 1):   	2085ms	0.828169	27	0.719141

EVOLUCIÓN AGGSF
AGGSF=[2.96769, 2.69786, 2.68872, 2.66795, 2.64334, 2.62849, 2.62849, 2.5905, 2.54915, 2.54915, 2.52097, 2.52097, 2.52097, 2.52097, 2.4992, 2.47224, 2.47224, 2.40095, 2.39656, 2.39656, 2.39656, 2.39656, 2.3959, 2.36915, 2.36915, 2.36915, 2.36915, 2.3644, 2.35108, 2.33835, 2.33835, 2.33835, 2.32036, 2.31429, 2.31429, 2.31429, 2.31192, 2.29508, 2.29508, 2.29508, 2.29272, 2.27641, 2.27641, 2.27641, 2.27641, 2.27641, 2.268, 2.25912, 2.25912, 2.24932, 2.24251, 2.22833, 2.21859, 2.21178, 2.19302, 2.19302, 2.17713, 2.17713, 2.17713, 2.16701, 2.15036, 2.15036, 2.15036, 2.15036, 2.15003, 2.15003, 2.142, 2.13071, 2.13071, 2.13027, 2.12235, 2.12191, 2.12191, 2.10371, 2.10371, 2.10371, 2.10371, 2.08709, 2.08152, 2.06514, 2.06514, 2.06514, 2.06386, 2.05226, 2.05226, 2.0518, 2.0518, 2.04269, 2.04269, 2.04269, 2.04269, 2.03876, 2.03876, 2.03876, 2.02492, 2.02492, 2.02492, 2.02492, 2.00852, 2.00852, 2.00852, 1.98862, 1.98862, 1.98862, 1.98754, 1.97994, 1.97994, 1.97664, 1.97664, 1.96607, 1.96607, 1.96607, 1.96607, 1.95987, 1.95987, 1.95987, 1.95987, 1.95987, 1.95987, 1.95487, 1.95487, 1.95487, 1.95114, 1.95114, 1.95114, 1.95114, 1.95114, 1.95114, 1.94082, 1.9349, 1.9349, 1.92292, 1.92292, 1.92292, 1.92292, 1.92117, 1.89624, 1.89624, 1.89218, 1.88795, 1.8611, 1.8611, 1.8565, 1.8565, 1.8565, 1.8565, 1.85048, 1.80965, 1.80965, 1.80965, 1.80965, 1.79963, 1.79963, 1.79963, 1.79963, 1.79963, 1.78909, 1.78909, 1.78909, 1.78909, 1.78909, 1.78909, 1.78909, 1.78909, 1.78909, 1.78909, 1.78909, 1.78909, 1.78909, 1.78909, 1.77864, 1.77864, 1.76619, 1.76619, 1.76619, 1.76619, 1.76619, 1.76619, 1.76619, 1.76568, 1.76568, 1.75846, 1.75846, 1.75581, 1.75581, 1.75581, 1.73195, 1.73195, 1.73195, 1.73195, 1.72422, 1.72422, 1.72422, 1.72422, 1.72316, 1.72316, 1.72316, 1.72316, 1.72316, 1.72316, 1.72316, 1.72316, 1.72316, 1.70599, 1.70069, 1.68382, 1.68329, 1.68329, 1.65716, 1.65716, 1.63968, 1.62009, 1.62009, 1.62009, 1.60136, 1.60136, 1.60136, 1.60136, 1.58205, 1.58205, 1.58205, 1.58205, 1.58205, 1.58205, 1.58205, 1.58205, 1.58205, 1.58205, 1.58205, 1.58205, 1.57951, 1.57951, 1.57951, 1.57951, 1.55628, 1.55628, 1.54918, 1.54918, 1.54918, 1.54918, 1.54918, 1.54918, 1.53858, 1.53858, 1.53858, 1.53514, 1.53514, 1.53514, 1.53514, 1.53514, 1.53514, 1.53514, 1.53514, 1.53514, 1.53514, 1.53514, 1.53332, 1.53332, 1.53332, 1.53332, 1.53332, 1.53332, 1.53332, 1.53332, 1.53332, 1.5272, 1.5272, 1.51157, 1.51157, 1.51157, 1.51157, 1.51157, 1.46867, 1.46867, 1.46867, 1.46863, 1.46589, 1.4603, 1.4603, 1.45695, 1.45695, 1.43099, 1.42951, 1.42951, 1.4105, 1.4105, 1.4105, 1.4105, 1.4089, 1.4089, 1.4089, 1.4089, 1.4089, 1.4089, 1.4089, 1.40449, 1.40449, 1.40449, 1.40449, 1.37067, 1.37067, 1.37067, 1.37067, 1.37067, 1.37067, 1.37067, 1.37067, 1.37067, 1.37067, 1.37067, 1.37067, 1.37067, 1.37067, 1.37067, 1.37067, 1.37067, 1.37067, 1.33891, 1.33891, 1.33891, 1.33891, 1.33555, 1.33555, 1.30383, 1.30047, 1.30047, 1.30047, 1.30047, 1.30047, 1.30047, 1.30047, 1.30047, 1.30047, 1.30047, 1.30047, 1.30047, 1.30047, 1.30047, 1.28389, 1.28389, 1.28389, 1.28182, 1.28182, 1.28182, 1.28109, 1.27635, 1.27493, 1.2675, 1.24493, 1.24493, 1.24493, 1.24304, 1.24304, 1.24304, 1.24304, 1.24163, 1.2411, 1.2411, 1.2411, 1.23727, 1.23727, 1.23727, 1.23727, 1.2358, 1.23532, 1.2342, 1.23385, 1.23215, 1.23215, 1.23215, 1.23215, 1.23215, 1.23215, 1.23215, 1.23215, 1.23215, 1.23215, 1.23215, 1.23215, 1.23215, 1.23215, 1.23215, 1.23215, 1.20897, 1.20897, 1.20897, 1.20897, 1.20897, 1.20897, 1.20897, 1.20897, 1.20897, 1.20897, 1.20897, 1.18607, 1.18607, 1.18607, 1.18607, 1.18607, 1.18607, 1.18397, 1.18397, 1.17972, 1.17972, 1.17972, 1.15395, 1.15185, 1.15185, 1.15185, 1.15185, 1.1496, 1.14926, 1.14926, 1.14534, 1.14534, 1.14534, 1.12328, 1.12328, 1.12328, 1.12172, 1.12172, 1.12172, 1.12172, 1.10396, 1.10396, 1.10396, 1.10396, 1.10396, 1.10252, 1.10252, 1.10051, 1.10051, 1.10051, 1.07517, 1.07517, 1.07172, 1.07172, 1.07172, 1.06424, 1.06424, 1.06424, 1.03034, 1.03034, 1.03034, 1.03034, 1.03034, 1.03034, 1.03034, 1.03034, 1.03034, 1.03034, 1.03034, 1.03034, 1.03034, 1.03034, 1.03034, 1.02259, 1.02259, 1.02259, 1.02259, 1.02259, 1.02259, 1.02259, 1.02259, 0.984341, 0.984341, 0.984341, 0.984341, 0.984341, 0.984341, 0.984341, 0.984341, 0.983561, 0.983561, 0.983561, 0.983561, 0.983561, 0.983561, 0.983561, 0.983561, 0.983561, 0.983561, 0.983561, 0.983561, 0.983561, 0.983561, 0.983561, 0.983561, 0.983561, 0.983561, 0.983561, 0.983561, 0.908558, 0.908558, 0.908558, 0.908558, 0.908558, 0.908558, 0.908558, 0.908558, 0.908558, 0.908558, 0.897079, 0.897079, 0.897079, 0.897079, 0.897079, 0.897079, 0.897079, 0.897079, 0.897079, 0.897079, 0.897079, 0.897079, 0.897079, 0.897079, 0.897079, 0.897079, 0.897079, 0.897079, 0.897079, 0.897079, 0.897079, 0.897079, 0.897079, 0.897079, 0.897079, 0.897079, 0.897079, 0.897079, 0.897079, 0.897079, 0.897079, 0.897079, 0.897079, 0.897079, 0.897079, 0.897079, 0.897079, 0.897079, 0.897079, 0.897079, 0.897079, 0.897079, 0.897079, 0.897079, 0.897079, 0.897079, 0.897079, 0.897079, 0.897079, 0.897079, 0.897079, 0.897079, 0.897079, 0.897079, 0.897079, 0.897079, 0.897079, 0.897079, 0.897079, 0.897079, 0.897079, 0.897079, 0.897079, 0.897079, 0.897079, 0.897079, 0.897079, 0.897079, 0.897079, 0.897079, 0.897079, 0.897079, 0.897079, 0.897079, 0.897079, 0.897079, 0.897079, 0.897079, 0.897079, 0.897079, 0.897079, 0.897079, 0.897079, 0.897079, 0.897079, 0.897079, 0.897079, 0.897079, 0.897079, 0.894939, 0.894939, 0.894939, 0.894939, 0.894939, 0.894939, 0.894939, 0.894939, 0.894939, 0.865429, 0.865429, 0.865429, 0.865429, 0.865429, 0.865429, 0.865429, 0.865429, 0.865092, 0.865092, 0.865092, 0.865092, 0.865092, 0.865092, 0.865092, 0.858504, 0.858504, 0.858504, 0.858504, 0.858504, 0.858504, 0.858504, 0.858504, 0.858504, 0.858504, 0.858504, 0.858504, 0.858504, 0.858504, 0.858504, 0.858504, 0.858504, 0.858504, 0.858504, 0.858504, 0.858504, 0.858504, 0.858504, 0.858504, 0.858504, 0.858504, 0.858504, 0.858504, 0.858504, 0.858504, 0.858504, 0.858504, 0.858504, 0.858504, 0.858504, 0.858504, 0.858504, 0.858504, 0.858504, 0.858504, 0.858504, 0.858504, 0.858504, 0.858504, 0.858504, 0.858504, 0.858504, 0.858504, 0.858504, 0.858504, 0.858504, 0.858504, 0.858504, 0.858504, 0.858504, 0.858504, 0.858504, 0.828169, 0.828169, 0.828169, 0.828169, 0.828169, 0.828169, 0.828169, 0.828169, 0.828169, 0.828169, 0.828169, 0.828169, 0.828169, 0.828169, 0.828169, 0.828169, 0.828169, 0.828169, 0.828169, 0.828169, 0.828169, 0.828169, 0.828169, 0.828169, 0.828169, 0.828169, 0.828169, 0.828169, 0.828169, 0.828169, 0.828169, 0.828169, 0.828169, 0.828169, 0.828169, 0.828169, 0.828169, 0.828169, 0.828169, 0.828169, 0.828169, 0.828169, 0.828169, 0.828169, 0.828169, 0.828169, 0.828169, 0.828169, 0.828169, 0.828169, 0.828169, 0.828169, 0.828169, 0.828169, 0.828169, 0.828169, 0.828169, 0.828169, 0.828169, 0.828169, 0.828169, 0.828169, 0.828169, 0.828169, 0.828169, 0.828169, 0.828169, 0.828169, 0.828169, 0.828169, 0.828169, 0.828169, 0.828169, 0.828169, 0.828169, 0.828169, 0.828169, 0.828169, 0.828169, 0.828169, 0.828169, 0.828169, 0.828169, 0.828169, 0.828169, 0.828169, 0.828169, 0.828169, 0.828169, 0.828169, 0.828169, 0.828169, 0.828169, 0.828169, 0.828169, 0.828169, 0.828169, 0.828169, 0.828169, 0.828169, 0.828169, 0.828169, 0.828169, 0.828169, 0.828169, 0.828169, 0.828169, 0.828169, 0.828169, 0.828169, 0.828169, 0.828169, 0.828169, 0.828169, 0.828169, 0.828169, 0.828169, 0.828169, 0.828169, 0.828169, 0.828169, 0.828169, 0.828169, 0.828169, 0.828169, 0.828169, 0.828169, 0.828169, 0.828169, 0.828169, 0.828169, 0.828169, 0.828169, 0.828169, 0.828169, 0.828169, 0.828169, 0.828169, 0.828169, 0.828169, 0.828169, 0.828169, 0.828169, 0.828169, 0.828169, 0.828169, 0.828169, 0.828169, 0.828169, 0.828169, 0.828169, 0.828169, 0.828169, 0.828169, 0.828169, 0.828169, 0.828169, 0.828169, 0.828169, 0.828169, 0.828169, 0.828169, 0.828169, 0.828169, 0.828169, 0.828169, 0.828169, 0.828169, 0.828169, 0.828169, 0.828169, 0.828169, 0.828169, 0.828169, 0.828169, 0.828169, 0.828169, 0.828169, 0.828169, 0.828169, 0.828169, 0.828169, 0.828169, 0.828169, 0.828169, 0.828169, 0.828169, 0.828169, 0.828169, 0.828169, 0.828169, 0.828169, 0.828169, 0.828169, 0.828169, 0.828169, 0.828169, 0.828169, 0.828169, 0.828169, 0.828169, 0.828169, 0.828169, 0.828169, 0.828169, 0.828169, 0.828169, 0.828169, 0.828169, 0.828169, 0.828169, 0.828169, 0.828169, 0.828169, 0.828169, 0.828169, 0.828169, 0.828169, 0.828169, 0.828169, 0.828169, 0.828169, 0.828169, 0.828169, 0.828169, 0.828169, 0.828169, 0.828169, 0.828169, 0.828169, 0.828169, 0.828169, 0.828169, 0.828169, 0.828169, 0.828169, 0.828169, 0.828169, 0.828169, 0.828169, 0.828169, 0.828169, 0.828169, 0.828169, 0.828169, 0.828169, 0.828169, 0.828169, 0.828169, 0.828169, 0.828169, 0.828169, 0.828169, 0.828169, 0.828169, 0.828169, 0.828169, 0.828169, 0.828169, 0.828169, 0.828169, 0.828169, 0.828169, 0.828169, 0.828169, 0.828169, 0.828169, 0.828169, 0.828169, 0.828169, 0.828169, 0.828169, 0.828169, 0.828169, 0.828169, 0.828169, 0.828169, 0.828169, 0.828169, 0.828169, 0.828169, 0.828169, 0.828169, 0.828169, 0.828169, 0.828169, 0.828169, 0.828169, 0.828169, 0.828169, 0.828169, 0.828169, 0.828169, 0.828169, 0.828169, 0.828169, 0.828169, 0.828169, 0.828169, 0.828169, 0.828169, 0.828169, 0.828169, 0.828169, 0.828169, 0.828169, 0.828169, 0.828169, 0.828169, 0.828169, 0.828169, 0.828169, 0.828169, 0.828169, 0.828169, 0.828169, 0.828169, 0.828169, 0.828169, 0.828169, 0.828169, 0.828169, 0.828169, 0.828169, 0.828169, 0.828169, 0.828169, 0.828169, 0.828169, 0.828169, 0.828169, 0.828169, 0.828169, 0.828169, 0.828169, 0.828169, 0.828169, 0.828169, 0.828169, 0.828169, 0.828169, 0.828169, 0.828169, 0.828169, 0.828169, 0.828169, 0.828169, 0.828169, 0.828169, 0.828169, 0.828169, 0.828169, 0.828169, 0.828169, 0.828169, 0.828169, 0.828169, 0.828169, 0.828169, 0.828169, 0.828169, 0.828169, 0.828169, 0.828169, 0.828169, 0.828169, 0.828169, 0.828169, 0.828169, 0.828169, 0.828169, 0.828169, 0.828169, 0.828169, 0.828169, 0.828169, 0.828169, 0.828169, 0.828169, 0.828169, 0.828169, 0.828169, 0.828169, 0.828169, 0.828169, 0.828169, 0.828169, 0.828169, 0.828169, 0.828169, 0.828169, 0.828169, 0.828169, 0.828169, 0.828169, 0.828169, 0.828169, 0.828169, 0.828169, 0.828169, 0.828169, 0.828169, 0.828169, 0.828169, 0.828169, 0.828169, 0.828169, 0.828169, 0.828169, 0.828169, 0.828169, 0.828169, 0.828169, 0.828169, 0.828169, 0.828169, 0.828169, 0.828169, 0.828169, 0.828169, 0.828169, 0.828169, 0.828169, 0.828169, 0.828169, 0.828169, 0.828169, 0.828169, 0.828169, 0.828169, 0.828169, 0.828169, 0.828169, 0.828169, 0.828169, 0.828169, 0.828169, 0.828169, 0.828169, 0.828169, 0.828169, 0.828169, 0.828169, 0.828169, 0.828169, 0.828169, 0.828169, 0.828169, 0.828169, 0.828169, 0.828169, 0.828169, 0.828169, 0.828169, 0.828169, 0.828169, 0.828169, 0.828169, 0.828169, 0.828169, 0.828169, 0.828169, 0.828169, 0.828169, 0.828169, 0.828169, 0.828169, 0.828169, 0.828169, 0.828169, 0.828169, 0.828169, 0.828169, 0.828169, 0.828169, 0.828169, 0.828169, 0.828169, 0.828169, 0.828169, 0.828169, 0.828169, 0.828169, 0.828169, 0.828169, 0.828169, 0.828169, 0.828169, 0.828169, 0.828169, 0.828169, 0.828169, 0.828169, 0.828169, 0.828169, 0.828169, 0.828169, 0.828169, 0.828169, 0.828169, 0.828169, 0.828169, 0.828169, 0.828169, 0.828169, 0.828169, 0.828169, 0.828169, 0.828169, 0.828169, 0.828169, 0.828169, 0.828169, 0.828169, 0.828169, 0.828169, 0.828169, 0.828169, 0.828169, 0.828169, 0.828169, 0.828169, 0.828169, 0.828169, 0.828169, 0.828169, 0.828169, 0.828169, 0.828169, 0.828169, 0.828169, 0.828169, 0.828169, 0.828169, 0.828169, 0.828169, 0.828169, 0.828169, 0.828169, 0.828169, 0.828169, 0.828169, 0.828169, 0.828169, 0.828169, 0.828169, 0.828169, 0.828169, 0.828169, 0.828169, 0.828169, 0.828169, 0.828169, 0.828169, 0.828169, 0.828169, 0.828169, 0.828169, 0.828169, 0.828169, 0.828169, 0.828169, 0.828169, 0.828169, 0.828169, 0.828169, 0.828169, 0.828169, 0.828169, 0.828169, 0.828169, 0.828169, 0.828169, 0.828169, 0.828169, 0.828169, 0.828169, 0.828169, 0.828169, 0.828169, 0.828169, 0.828169, 0.828169, 0.828169, 0.828169, 0.828169, 0.828169, 0.828169, 0.828169, 0.828169, 0.828169, 0.828169, 0.828169, 0.828169, 0.828169, 0.828169, 0.828169, 0.828169, 0.828169, 0.828169, 0.828169, 0.828169, 0.828169, 0.828169, 0.828169, 0.828169, 0.828169, 0.828169, 0.828169, 0.828169, 0.828169, 0.828169, 0.828169, 0.828169, 0.828169, 0.828169, 0.828169, 0.828169, 0.828169, 0.828169, 0.828169, 0.828169, 0.828169, 0.828169, 0.828169, 0.828169, 0.828169, 0.828169, 0.828169, 0.828169, 0.828169, 0.828169, 0.828169, 0.828169, 0.828169, 0.828169, 0.828169, 0.828169, 0.828169, 0.828169, 0.828169, 0.828169, 0.828169, 0.828169, 0.828169, 0.828169, 0.828169, 0.828169, 0.828169, 0.828169, 0.828169, 0.828169, 0.828169, 0.828169, 0.828169, 0.828169, 0.828169, 0.828169, 0.828169, 0.828169, 0.828169, 0.828169, 0.828169, 0.828169, 0.828169, 0.828169, 0.828169, 0.828169, 0.828169, 0.828169, 0.828169, 0.828169, 0.828169, 0.828169, 0.828169, 0.828169, 0.828169, 0.828169, 0.828169, 0.828169, 0.828169, 0.828169, 0.828169, 0.828169, 0.828169, 0.828169, 0.828169, 0.828169, 0.828169, 0.828169, 0.828169, 0.828169, 0.828169, 0.828169, 0.828169, 0.828169, 0.828169, 0.828169, 0.828169, 0.828169, 0.828169, 0.828169, 0.828169, 0.828169, 0.828169, 0.828169, 0.828169, 0.828169, 0.828169, 0.828169, 0.828169, 0.828169, 0.828169, 0.828169, 0.828169, 0.828169, 0.828169, 0.828169, 0.828169, 0.828169, 0.828169, 0.828169, 0.828169, 0.828169, 0.828169, 0.828169, 0.828169, 0.828169, 0.828169, 0.828169, 0.828169, 0.828169, 0.828169, 0.828169, 0.828169, 0.828169, 0.828169, 0.828169, 0.828169, 0.828169, 0.828169, 0.828169, 0.828169, 0.828169, 0.828169, 0.828169, 0.828169, 0.828169, 0.828169, 0.828169, 0.828169, 0.828169, 0.828169, 0.828169, 0.828169, 0.828169, 0.828169, 0.828169, 0.828169, 0.828169, 0.828169, 0.828169, 0.828169, 0.828169, 0.828169, 0.828169, 0.828169, 0.828169, 0.828169, 0.828169, 0.828169, 0.828169, 0.828169, 0.828169, 0.828169, 0.828169, 0.828169, 0.828169, 0.828169, 0.828169, 0.828169, 0.828169, 0.828169, 0.828169, 0.828169, 0.828169, 0.828169, 0.828169, 0.828169, 0.828169, 0.828169, 0.828169, 0.828169, 0.828169, 0.828169, 0.828169, 0.828169, 0.828169, 0.828169, 0.828169, 0.828169, 0.828169, 0.828169, 0.828169, 0.828169, 0.828169, 0.828169, 0.828169, 0.828169, 0.828169, 0.828169, 0.828169, 0.828169, 0.828169, 0.828169, 0.828169, 0.828169, 0.828169, 0.828169, 0.828169, 0.828169, 0.828169, 0.828169, 0.828169, 0.828169, 0.828169, 0.828169, 0.828169, 0.828169, 0.828169, 0.828169, 0.828169, 0.828169, 0.828169, 0.828169, 0.828169, 0.828169, 0.828169, 0.828169, 0.828169, 0.828169, 0.828169, 0.828169, 0.828169, 0.828169, 0.828169, 0.828169, 0.828169, 0.828169, 0.828169, 0.828169, 0.828169, 0.828169, 0.828169, 0.828169, 0.828169, 0.828169, 0.828169, 0.828169, 0.828169, 0.828169, 0.828169, 0.828169, 0.828169, 0.828169, 0.828169, 0.828169, 0.828169, 0.828169, 0.828169, 0.828169, 0.828169, 0.828169, 0.828169, 0.828169, 0.828169, 0.828169, 0.828169, 0.828169, 0.828169, 0.828169, 0.828169, 0.828169, 0.828169, 0.828169, 0.828169, 0.828169, 0.828169, 0.828169, 0.828169, 0.828169, 0.828169, 0.828169, 0.828169, 0.828169, 0.828169, 0.828169, 0.828169, 0.828169, 0.828169, 0.828169, 0.828169, 0.828169, 0.828169, 0.828169, 0.828169, 0.828169, 0.828169, 0.828169, 0.828169, 0.828169, 0.828169, 0.828169, 0.828169, 0.828169, 0.828169, 0.828169, 0.828169, 0.828169, 0.828169, 0.828169, 0.828169, 0.828169, 0.828169, 0.828169, 0.828169, 0.828169, 0.828169, 0.828169, 0.828169, 0.828169, 0.828169, 0.828169, 0.828169, 0.828169, 0.828169, 0.828169, 0.828169, 0.828169, 0.828169, 0.828169, 0.828169, 0.828169, 0.828169, 0.828169, 0.828169, 0.828169, 0.828169, 0.828169, 0.828169, 0.828169, 0.828169, 0.828169, 0.828169, 0.828169, 0.828169, 0.828169, 0.828169, 0.828169, 0.828169, 0.828169, 0.828169, 0.828169, 0.828169, 0.828169, 0.828169, 0.828169, 0.828169, 0.828169, 0.828169, 0.828169, 0.828169, 0.828169, 0.828169, 0.828169, 0.828169, 0.828169, 0.828169, 0.828169, 0.828169, 0.828169, 0.828169, 0.828169, 0.828169, 0.828169, 0.828169, 0.828169, 0.828169, 0.828169, 0.828169, 0.828169, 0.828169, 0.828169, 0.828169, 0.828169, 0.828169, 0.828169, 0.828169, 0.828169, 0.828169, 0.828169, 0.828169, 0.828169, 0.828169, 0.828169, 0.828169, 0.828169, 0.828169, 0.828169, 0.828169, 0.828169, 0.828169, 0.828169, 0.828169, 0.828169, 0.828169, 0.828169, 0.828169, 0.828169, 0.828169, 0.828169, 0.828169, 0.828169, 0.828169, 0.828169, 0.828169, 0.828169, 0.828169, 0.828169, 0.828169, 0.828169, 0.828169, 0.828169, 0.828169, 0.828169, 0.828169, 0.828169, 0.828169, 0.828169, 0.828169, 0.828169, 0.828169, 0.828169, 0.828169, 0.828169, 0.828169, 0.828169, 0.828169, 0.828169, 0.828169, 0.828169, 0.828169, 0.828169, 0.828169, 0.828169, 0.828169, 0.828169, 0.828169, 0.828169, 0.828169, 0.828169, 0.828169, 0.828169, 0.828169, 0.828169, 0.828169, 0.828169, 0.828169, 0.828169, 0.828169, 0.828169, 0.828169, 0.828169, 0.828169, 0.828169, 0.828169, 0.828169, 0.828169, 0.828169, 0.828169, 0.828169, 0.828169, 0.828169, 0.828169, 0.828169, 0.828169, 0.828169, 0.828169, 0.828169, 0.828169, 0.828169, 0.828169, 0.828169, 0.828169, 0.828169, 0.828169, 0.828169, 0.828169, 0.828169, 0.828169, 0.828169, 0.828169, 0.828169, 0.828169, 0.828169, 0.828169, 0.828169, 0.828169, 0.828169, 0.828169, 0.828169, 0.828169, 0.828169, 0.828169, 0.828169, 0.828169, 0.828169, 0.828169, 0.828169, 0.828169, 0.828169, 0.828169, 0.828169, 0.828169, 0.828169, 0.828169, 0.828169, 0.828169, 0.828169, 0.828169, 0.828169, 0.828169, 0.828169, 0.828169, 0.828169, 0.828169, 0.828169, 0.828169, 0.828169, 0.828169, 0.828169, 0.828169, 0.828169, 0.828169, 0.828169, 0.828169, 0.828169, 0.828169, 0.828169, 0.828169, 0.828169, 0.828169, 0.828169, 0.828169, 0.828169, 0.828169, 0.828169, 0.828169, 0.828169, 0.828169, 0.828169, 0.828169, 0.828169, 0.828169, 0.828169, 0.828169, 0.828169, 0.828169, 0.828169, 0.828169, 0.828169, 0.828169, 0.828169, 0.828169, 0.828169, 0.828169, 0.828169, 0.828169, 0.828169, 0.828169, 0.828169, 0.828169, 0.828169, 0.828169, 0.828169, 0.828169, 0.828169, 0.828169, 0.828169, 0.828169, 0.828169, 0.828169, 0.828169, 0.828169, 0.828169, 0.828169, 0.828169, 0.828169, 0.828169, 0.828169, 0.828169, 0.828169, 0.828169, 0.828169, 0.828169, 0.828169, 0.828169, 0.828169, 0.828169, 0.828169, 0.828169, 0.828169, 0.828169, 0.828169, 0.828169, 0.828169, 0.828169, 0.828169, 0.828169, 0.828169, 0.828169, 0.828169, 0.828169, 0.828169, 0.828169, 0.828169, 0.828169, 0.828169, 0.828169, 0.828169, 0.828169, 0.828169, 0.828169, 0.828169, 0.828169, 0.828169, 0.828169, 0.828169, 0.828169, 0.828169, 0.828169, 0.828169, 0.828169, 0.828169, 0.828169, 0.828169, 0.828169, 0.828169, 0.828169, 0.828169, 0.828169, 0.828169, 0.828169, 0.828169, 0.828169, 0.828169, 0.828169, 0.828169, 0.828169, 0.828169, 0.828169, 0.828169, 0.828169, 0.828169, 0.828169, 0.828169, 0.828169, 0.828169, 0.828169, 0.828169, 0.828169, 0.828169, 0.828169, 0.828169, 0.828169, 0.828169, 0.828169, 0.828169, 0.828169, 0.828169, 0.828169, 0.828169, 0.828169, 0.828169, 0.828169, 0.828169, 0.828169, 0.828169, 0.828169, 0.828169, 0.828169, 0.828169, 0.828169, 0.828169, 0.828169, 0.828169, 0.828169, 0.828169, 0.828169, 0.828169, 0.828169, 0.828169, 0.828169, 0.828169, 0.828169, 0.828169, 0.828169, 0.828169, 0.828169, 0.828169, 0.828169, 0.828169, 0.828169, 0.828169, 0.828169, 0.828169, 0.828169, 0.828169, 0.828169, 0.828169, 0.828169, 0.828169, 0.828169, 0.828169, 0.828169, 0.828169, 0.828169, 0.828169, 0.828169, 0.828169, 0.828169, 0.828169, 0.828169, 0.828169, 0.828169, 0.828169, 0.828169, 0.828169, 0.828169, 0.828169, 0.828169, 0.828169, 0.828169, 0.828169, 0.828169, 0.828169, 0.828169, 0.828169, 0.828169, 0.828169, 0.828169, 0.828169, 0.828169, 0.828169, 0.828169, 0.828169, 0.828169, 0.828169, 0.828169, 0.828169, 0.828169, 0.828169, 0.828169, 0.828169, 0.828169, 0.828169, 0.828169, 0.828169, 0.828169, 0.828169, 0.828169, 0.828169, 0.828169, 0.828169, 0.828169, 0.828169, 0.828169, 0.828169, 0.828169, 0.828169, 0.828169, 0.828169, 0.828169, 0.828169, 0.828169, 0.828169, 0.828169, 0.828169, 0.828169, 0.828169, 0.828169, 0.828169, 0.828169, 0.828169, 0.828169, 0.828169, 0.828169, 0.828169, 0.828169, 0.828169, 0.828169, 0.828169, 0.828169, 0.828169, 0.828169, 0.828169, 0.828169, 0.828169, 0.828169, 0.828169, 0.828169, 0.828169, 0.828169, 0.828169, 0.828169, 0.828169, 0.828169, 0.828169, 0.828169, 0.828169, 0.828169, 0.828169, 0.828169, 0.828169, 0.828169, 0.828169, 0.828169, 0.828169, 0.828169, 0.828169, 0.828169, 0.828169, 0.828169, 0.828169, 0.828169, 0.828169, 0.828169, 0.828169, 0.828169, 0.828169, 0.828169, 0.828169, 0.828169, 0.828169, 0.828169, 0.828169, 0.828169, 0.828169, 0.828169, 0.828169, 0.828169, 0.828169, 0.828169, 0.828169, 0.828169, 0.828169, 0.828169, 0.828169, 0.828169, 0.828169, 0.828169, 0.828169, 0.828169, 0.828169, 0.828169, 0.828169, 0.828169, 0.828169, 0.828169, 0.828169, 0.828169, 0.828169, 0.828169, 0.828169, 0.828169, 0.828169, 0.828169, 0.828169, 0.828169, 0.828169, 0.828169, 0.828169, 0.828169, 0.828169, 0.828169, 0.828169, 0.828169, 0.828169, 0.828169, 0.828169, 0.828169, 0.828169, 0.828169, 0.828169, 0.828169, 0.828169, 0.828169, 0.828169, 0.828169, 0.828169, 0.828169, 0.828169, 0.828169, 0.828169, 0.828169, 0.828169, 0.828169, 0.828169, 0.828169, 0.828169, 0.828169, 0.828169, 0.828169, 0.828169, 0.828169, 0.828169, 0.828169, 0.828169, 0.828169, 0.828169, 0.828169, 0.828169, 0.828169, 0.828169, 0.828169, 0.828169, 0.828169, 0.828169, 0.828169, 0.828169, 0.828169, 0.828169, 0.828169, 0.828169, 0.828169, 0.828169, 0.828169, 0.828169, 0.828169, 0.828169, 0.828169, 0.828169, 0.828169, 0.828169, 0.828169, 0.828169, 0.828169, 0.828169, 0.828169, 0.828169, 0.828169, 0.828169, 0.828169, 0.828169, 0.828169, 0.828169, 0.828169, 0.828169, 0.828169, 0.828169, 0.828169, 0.828169, 0.828169, 0.828169, 0.828169, 0.828169, 0.828169, 0.828169, 0.828169, 0.828169, 0.828169, 0.828169, 0.828169, 0.828169, 0.828169, 0.828169, 0.828169, 0.828169, 0.828169, 0.828169, 0.828169, 0.828169, 0.828169, 0.828169, 0.828169, 0.828169, 0.828169, 0.828169, 0.828169, 0.828169, 0.828169, 0.828169, 0.828169, 0.828169, 0.828169, 0.828169, 0.828169, 0.828169, 0.828169, 0.828169, 0.828169, 0.828169, 0.828169, 0.828169, 0.828169, 0.828169, 0.828169, 0.828169, 0.828169, 0.828169, 0.828169, 0.828169, 0.828169, 0.828169, 0.828169, 0.828169, 0.828169, 0.828169, 0.828169, 0.828169, 0.828169, 0.828169, 0.828169, 0.828169, 0.828169, 0.828169, 0.828169, 0.828169, 0.828169, 0.828169, 0.828169, 0.828169, 0.828169, 0.828169, 0.828169, 0.828169, 0.828169, 0.828169, 0.828169, 0.828169, 0.828169, 0.828169, 0.828169, 0.828169, 0.828169, 0.828169, 0.828169, 0.828169, 0.828169, 0.828169, 0.828169, 0.828169, 0.828169, 0.828169, 0.828169, 0.828169, 0.828169, 0.828169, 0.828169, 0.828169, 0.828169, 0.828169, 0.828169, 0.828169, 0.828169, 0.828169, 0.828169, 0.828169, 0.828169, 0.828169, 0.828169, 0.828169, 0.828169, 0.828169, 0.828169, 0.828169, 0.828169, 0.828169, 0.828169, 0.828169, 0.828169, 0.828169, 0.828169, 0.828169, 0.828169, 0.828169, 0.828169, 0.828169, 0.828169, 0.828169, 0.828169, 0.828169, 0.828169, 0.828169, 0.828169, 0.828169, 0.828169, 0.828169, 0.828169, 0.828169, 0.828169, 0.828169, 0.828169, 0.828169, 0.828169, 0.828169, 0.828169, 0.828169, 0.828169, 0.828169, 0.828169, 0.828169, 0.828169, 0.828169, 0.828169, 0.828169, 0.828169, 0.828169, 0.828169, 0.828169, 0.828169, 0.828169, 0.828169, 0.828169, 0.828169, 0.828169, 0.828169, 0.828169, 0.828169, 0.828169, 0.828169, 0.828169, 0.828169, 0.828169, 0.828169, 0.828169, 0.828169, 0.828169, 0.828169, 0.828169, 0.828169, 0.828169, 0.828169, 0.828169, 0.828169, 0.828169, 0.828169, 0.828169, 0.828169, 0.828169, 0.828169, 0.828169, 0.828169, 0.828169, 0.828169, 0.828169, 0.828169, 0.828169, 0.828169, 0.828169, 0.828169, 0.828169, 0.828169]

./data/zoo_set_CONST_10. Problema M.AGGSF (seed 1):   	1810ms	1.2357	29	1.01595

EVOLUCIÓN M.AGGSF
M.AGGSF=[2.97011, 2.61344, 2.60702, 2.54465, 2.25865, 2.25865, 2.25865, 2.25865, 2.254, 2.254, 2.254, 2.24592, 2.23675, 2.23399, 2.13247, 2.13247, 2.08748, 2.08317, 2.04823, 2.04823, 2.02231, 2.02231, 2.02231, 2.02062, 1.93386, 1.93386, 1.88718, 1.88718, 1.88647, 1.8288, 1.8288, 1.81102, 1.80926, 1.8022, 1.74468, 1.74468, 1.74033, 1.72127, 1.70255, 1.70255, 1.69407, 1.66452, 1.66452, 1.6398, 1.62987, 1.59842, 1.59842, 1.59842, 1.58247, 1.58187, 1.58187, 1.57951, 1.57951, 1.57951, 1.56361, 1.56361, 1.56215, 1.55607, 1.54389, 1.53635, 1.53635, 1.53635, 1.53464, 1.53464, 1.52669, 1.52602, 1.52122, 1.51952, 1.51232, 1.51165, 1.51165, 1.51165, 1.51165, 1.51165, 1.48951, 1.48951, 1.48951, 1.48516, 1.48294, 1.48122, 1.46916, 1.46916, 1.46916, 1.46916, 1.46759, 1.45719, 1.45719, 1.45432, 1.44823, 1.44823, 1.44823, 1.44823, 1.44823, 1.44823, 1.44258, 1.44258, 1.44258, 1.44258, 1.44258, 1.43856, 1.43856, 1.43856, 1.43232, 1.43232, 1.4205, 1.4205, 1.41386, 1.40865, 1.40865, 1.40865, 1.40715, 1.40641, 1.3997, 1.3997, 1.39606, 1.39606, 1.39606, 1.39606, 1.39606, 1.39459, 1.39459, 1.39459, 1.39459, 1.39459, 1.39459, 1.39459, 1.39459, 1.39459, 1.39459, 1.39459, 1.39459, 1.3921, 1.3921, 1.3921, 1.3921, 1.3921, 1.3921, 1.3921, 1.3921, 1.3921, 1.3921, 1.3921, 1.3921, 1.3921, 1.38226, 1.38226, 1.38226, 1.37698, 1.37698, 1.37698, 1.37037, 1.37037, 1.37037, 1.37037, 1.36521, 1.36521, 1.36521, 1.36521, 1.35923, 1.35923, 1.35923, 1.35923, 1.35923, 1.35923, 1.35463, 1.35463, 1.35463, 1.35463, 1.35463, 1.35432, 1.35432, 1.34973, 1.34973, 1.34973, 1.34973, 1.34973, 1.33, 1.33, 1.33, 1.33, 1.33, 1.33, 1.33, 1.33, 1.33, 1.33, 1.33, 1.33, 1.33, 1.33, 1.33, 1.33, 1.33, 1.33, 1.31235, 1.31235, 1.31235, 1.30792, 1.30792, 1.30792, 1.30792, 1.30792, 1.30792, 1.30792, 1.29894, 1.29894, 1.29894, 1.27744, 1.27304, 1.26496, 1.26496, 1.26496, 1.26496, 1.26496, 1.26496, 1.26496, 1.26496, 1.26496, 1.26496, 1.26496, 1.26496, 1.26496, 1.26496, 1.26496, 1.25157, 1.25157, 1.25157, 1.25157, 1.25157, 1.25157, 1.25157, 1.25157, 1.25157, 1.25157, 1.25141, 1.24931, 1.23609, 1.23609, 1.23609, 1.23609, 1.23609, 1.23609, 1.23609, 1.23609, 1.23609, 1.23609, 1.23609, 1.23609, 1.23609, 1.23609, 1.23609, 1.23609, 1.23609, 1.23609, 1.23609, 1.23609, 1.23609, 1.23609, 1.23609, 1.23609, 1.23609, 1.23609, 1.23609, 1.23609, 1.2357, 1.2357]
./data/zoo_set_CONST_20. Problema M.AGGSF (seed 1):   	1976ms	0.837146	23	0.74427

EVOLUCIÓN M.AGGSF
M.AGGSF=[3.10472, 2.68118, 2.68118, 2.6701, 2.64675, 2.64675, 2.64675, 2.64654, 2.61705, 2.61705, 2.38271, 2.38271, 2.32907, 2.32907, 2.32907, 2.32033, 2.32033, 2.30806, 2.30806, 2.30806, 2.13975, 2.12824, 2.10713, 2.10713, 2.10713, 2.07487, 2.07487, 2.03379, 2.03379, 2.03379, 1.93253, 1.93253, 1.91193, 1.87636, 1.86954, 1.8437, 1.8437, 1.8437, 1.8437, 1.82277, 1.72192, 1.72192, 1.72157, 1.71577, 1.66092, 1.65945, 1.61668, 1.60519, 1.59158, 1.58345, 1.51314, 1.51314, 1.49746, 1.48769, 1.48769, 1.47073, 1.45908, 1.45908, 1.40697, 1.40697, 1.38192, 1.38192, 1.38192, 1.38192, 1.37392, 1.35538, 1.35538, 1.35538, 1.3482, 1.32882, 1.30629, 1.29636, 1.27677, 1.27677, 1.27016, 1.25415, 1.24054, 1.22619, 1.22619, 1.22176, 1.14839, 1.13885, 1.13885, 1.13315, 1.09245, 1.08066, 1.08066, 1.08066, 1.08066, 1.07663, 1.06732, 1.06732, 1.06202, 1.06202, 1.04733, 1.04733, 1.04733, 1.04733, 1.04733, 1.04467, 1.02154, 1.02154, 1.02007, 1.01978, 1.01978, 1.00685, 1.00685, 1.00639, 1.00639, 1.00639, 0.993795, 0.993065, 0.993065, 0.993065, 0.991099, 0.990204, 0.990204, 0.988467, 0.988467, 0.988177, 0.98177, 0.980463, 0.980463, 0.980463, 0.980463, 0.980463, 0.980463, 0.980463, 0.980463, 0.980463, 0.979988, 0.979988, 0.979988, 0.979988, 0.979988, 0.979988, 0.979988, 0.979988, 0.979988, 0.979988, 0.979227, 0.979227, 0.979227, 0.979227, 0.979227, 0.979227, 0.979227, 0.979227, 0.979227, 0.979227, 0.979227, 0.979227, 0.979227, 0.979227, 0.979227, 0.979227, 0.979227, 0.979227, 0.979227, 0.959953, 0.959953, 0.959953, 0.959953, 0.959953, 0.959953, 0.959953, 0.948549, 0.948549, 0.948549, 0.948549, 0.944172, 0.926951, 0.926951, 0.925829, 0.902726, 0.902726, 0.902726, 0.902726, 0.902726, 0.902726, 0.893572, 0.893572, 0.892256, 0.892256, 0.892256, 0.892256, 0.892256, 0.892256, 0.892256, 0.892256, 0.892256, 0.892256, 0.892256, 0.892256, 0.892256, 0.892256, 0.892256, 0.892256, 0.892256, 0.892256, 0.892256, 0.892256, 0.892256, 0.892256, 0.892256, 0.892256, 0.892256, 0.892256, 0.892256, 0.892256, 0.892256, 0.892256, 0.892256, 0.892256, 0.892256, 0.892256, 0.892256, 0.892256, 0.892256, 0.892256, 0.892256, 0.892256, 0.892256, 0.892256, 0.892256, 0.892256, 0.892256, 0.892256, 0.892256, 0.892256, 0.87851, 0.87851, 0.87851, 0.87851, 0.87851, 0.87851, 0.87851, 0.87851, 0.87851, 0.87851, 0.875012, 0.875012, 0.875012, 0.875012, 0.875012, 0.875012, 0.875012, 0.875012, 0.875012, 0.875012, 0.874875, 0.874875, 0.874875, 0.874875, 0.874875, 0.874875, 0.874875, 0.874875, 0.874875, 0.874875, 0.864718, 0.864718, 0.864718, 0.846393, 0.846393, 0.837146, 0.837146, 0.837146, 0.837146, 0.837146, 0.837146]

./data/zoo_set_CONST_10. Problema M.AGGSF (seed 1):   	1881ms	0.755196	14	0.649109

EVOLUCIÓN M.AGGSF
M.AGGSF=[2.76072, 2.55849, 2.55177, 2.55177, 2.54983, 2.51945, 2.51945, 2.51945, 2.49912, 2.36392, 2.36392, 2.36392, 2.35213, 2.35213, 2.35213, 2.35213, 2.33786, 2.33786, 2.29867, 2.23864, 2.23864, 2.23864, 2.22097, 2.21026, 2.20577, 2.19989, 2.19989, 2.19989, 2.17998, 2.09908, 2.09861, 2.09861, 2.09861, 2.09861, 2.09861, 2.08857, 2.0829, 2.07229, 2.07229, 2.00457, 2.00457, 2.00457, 2.00457, 2.00196, 2.00196, 2.00196, 2.00196, 2.00196, 2.00196, 1.9651, 1.95094, 1.95094, 1.94829, 1.94623, 1.89787, 1.89787, 1.89787, 1.89525, 1.86956, 1.86101, 1.84753, 1.84753, 1.8379, 1.8379, 1.83576, 1.83576, 1.81971, 1.80324, 1.80324, 1.75633, 1.75633, 1.75633, 1.75633, 1.74023, 1.7395, 1.72654, 1.72654, 1.72654, 1.72654, 1.69002, 1.69002, 1.69002, 1.69002, 1.68381, 1.68381, 1.68381, 1.68381, 1.68381, 1.68381, 1.56922, 1.56922, 1.56922, 1.56922, 1.53481, 1.53481, 1.53481, 1.53481, 1.52781, 1.52781, 1.5164, 1.5164, 1.5164, 1.50809, 1.48701, 1.48701, 1.48701, 1.47332, 1.47332, 1.47332, 1.44136, 1.44136, 1.42711, 1.42711, 1.42711, 1.41947, 1.41947, 1.41947, 1.41947, 1.40649, 1.38128, 1.38128, 1.38128, 1.38128, 1.38128, 1.36072, 1.36072, 1.36072, 1.36072, 1.36072, 1.34473, 1.344, 1.33258, 1.31698, 1.31698, 1.31698, 1.31698, 1.30108, 1.30108, 1.30108, 1.29903, 1.29903, 1.29855, 1.29088, 1.29088, 1.28924, 1.28924, 1.28924, 1.28924, 1.27768, 1.27768, 1.27768, 1.27768, 1.26749, 1.26749, 1.26749, 1.26749, 1.25973, 1.25973, 1.25973, 1.25973, 1.25973, 1.25973, 1.25563, 1.25563, 1.25563, 1.25563, 1.24973, 1.24973, 1.24973, 1.24563, 1.24146, 1.24146, 1.24146, 1.24146, 1.24146, 1.24146, 1.24146, 1.22818, 1.22818, 1.22818, 1.22778, 1.22778, 1.22778, 1.21754, 1.21754, 1.21754, 1.21754, 1.21391, 1.21391, 1.21391, 1.21391, 1.20867, 1.20867, 1.20867, 1.20859, 1.20859, 1.20202, 1.19668, 1.19668, 1.19668, 1.19668, 1.19668, 1.19668, 1.19063, 1.19063, 1.18975, 1.18975, 1.18975, 1.18975, 1.18975, 1.18975, 1.18975, 1.18413, 1.18413, 1.18413, 1.18413, 1.18413, 1.18413, 1.18413, 1.16534, 1.16534, 1.16534, 1.16534, 1.15847, 1.15847, 1.15847, 1.15847, 1.15847, 1.14697, 1.14697, 1.14697, 1.14697, 1.14697, 1.14697, 1.14697, 1.14697, 1.14697, 1.14697, 1.14697, 1.13956, 1.13956, 1.13956, 1.13956, 1.13956, 1.13481, 1.13481, 1.13481, 1.13481, 1.13481, 1.12158, 1.11747, 1.11747, 1.11747, 1.11747, 1.11545, 1.11545, 1.11545, 1.10698, 1.10698, 1.09294, 1.09294, 1.09294, 1.09294, 1.09294, 1.09279, 1.09279, 1.09279, 1.09279, 1.09279, 1.09279, 1.09279, 1.09279, 1.09279, 1.09279, 1.09279, 1.09279, 1.09279, 1.09279, 1.09216, 1.09216, 1.09216, 1.09216, 1.09216, 1.09216, 1.09216, 1.09216, 1.09216, 1.09136, 1.09136, 1.09136, 1.09136, 1.09136, 1.09136, 1.09136, 1.09136, 1.09136, 1.09136, 1.09136, 1.09136, 1.09136, 1.09136, 1.09136, 1.09136, 1.09136, 1.09136, 1.09136, 1.08653, 1.08308, 1.08308, 1.07897, 1.07897, 1.07897, 1.07897, 1.07897, 1.07897, 1.07897, 1.07897, 1.07897, 1.07782, 1.07782, 1.07782, 1.07782, 1.07782, 1.07782, 1.07782, 1.07782, 1.07782, 1.07782, 1.07782, 1.07782, 1.07782, 1.07782, 1.07782, 1.07782, 1.07782, 1.07782, 1.07782, 1.07782, 1.06644, 1.06644, 1.06644, 1.06644, 1.06644, 1.06644, 1.06644, 1.06644, 1.06644, 1.06644, 1.05711, 1.05711, 1.05711, 1.05711, 1.05711, 1.05711, 1.05711, 1.05672, 1.05672, 1.05672, 1.05672, 1.01427, 1.01427, 1.01427, 1.01427, 1.01427, 1.01427, 1.01427, 1.01427, 1.01427, 1.01427, 1.01427, 1.01427, 1.01427, 0.991938, 0.991938, 0.991938, 0.991938, 0.991938, 0.991938, 0.991938, 0.985856, 0.985856, 0.985856, 0.985856, 0.985856, 0.985856, 0.985856, 0.985856, 0.985856, 0.985856, 0.985856, 0.985856, 0.980814, 0.980814, 0.980814, 0.980814, 0.980814, 0.980814, 0.980814, 0.980814, 0.957093, 0.957093, 0.957093, 0.957093, 0.957093, 0.957093, 0.957093, 0.957093, 0.957093, 0.957093, 0.957093, 0.957093, 0.957093, 0.957093, 0.957093, 0.957093, 0.957093, 0.957093, 0.957093, 0.957093, 0.957093, 0.957093, 0.957093, 0.957093, 0.957093, 0.957093, 0.957093, 0.957093, 0.957093, 0.957093, 0.957093, 0.957093, 0.957093, 0.957093, 0.957093, 0.957093, 0.957093, 0.957093, 0.957093, 0.957093, 0.957093, 0.957093, 0.957093, 0.957093, 0.957093, 0.957093, 0.957093, 0.945659, 0.945659, 0.945659, 0.945659, 0.945659, 0.945659, 0.945659, 0.945659, 0.945659, 0.945659, 0.945659, 0.945659, 0.945659, 0.945659, 0.945659, 0.945659, 0.945659, 0.945659, 0.945659, 0.945659, 0.945659, 0.945659, 0.945659, 0.945659, 0.945659, 0.945659, 0.945659, 0.945659, 0.945659, 0.945659, 0.945659, 0.945659, 0.945659, 0.939379, 0.939379, 0.939379, 0.939379, 0.939379, 0.939379, 0.939379, 0.939379, 0.939379, 0.939379, 0.939379, 0.932413, 0.932413, 0.932413, 0.932413, 0.932413, 0.932413, 0.932413, 0.932413, 0.932413, 0.932413, 0.932413, 0.932413, 0.932413, 0.932413, 0.932413, 0.932413, 0.932413, 0.932413, 0.932413, 0.932413, 0.932413, 0.932413, 0.932413, 0.932413, 0.932413, 0.932413, 0.931194, 0.931194, 0.931194, 0.931194, 0.931194, 0.931194, 0.931194, 0.931194, 0.931194, 0.931194, 0.931194, 0.931194, 0.931194, 0.931194, 0.931194, 0.931194, 0.931194, 0.931194, 0.931194, 0.931194, 0.931194, 0.931194, 0.931194, 0.931194, 0.931194, 0.929867, 0.929867, 0.929867, 0.929867, 0.921237, 0.921237, 0.920416, 0.920416, 0.920416, 0.920416, 0.920416, 0.917716, 0.917716, 0.917716, 0.917716, 0.917716, 0.917716, 0.917716, 0.917716, 0.917716, 0.917716, 0.917716, 0.917716, 0.917716, 0.917716, 0.917716, 0.917716, 0.917716, 0.908208, 0.908208, 0.908208, 0.908208, 0.908208, 0.908208, 0.908208, 0.908208, 0.908208, 0.908208, 0.908208, 0.908208, 0.908208, 0.908208, 0.908208, 0.908208, 0.908208, 0.908208, 0.908208, 0.905979, 0.905979, 0.905979, 0.905979, 0.905979, 0.905979, 0.905979, 0.905979, 0.892717, 0.892717, 0.892717, 0.892717, 0.892717, 0.892717, 0.892717, 0.892717, 0.892717, 0.892717, 0.892717, 0.892717, 0.892717, 0.888526, 0.888526, 0.888526, 0.888526, 0.888526, 0.888526, 0.888526, 0.888526, 0.888526, 0.888526, 0.888526, 0.888526, 0.888526, 0.888526, 0.888526, 0.888526, 0.888526, 0.888526, 0.888526, 0.888526, 0.865555, 0.865555, 0.865555, 0.838292, 0.838292, 0.838292, 0.838292, 0.838292, 0.838292, 0.838292, 0.838292, 0.838292, 0.838292, 0.838292, 0.813352, 0.813352, 0.813352, 0.813352, 0.813352, 0.813352, 0.813352, 0.813352, 0.813352, 0.813352, 0.813352, 0.813352, 0.813352, 0.813352, 0.813352, 0.813352, 0.796294, 0.796294, 0.796294, 0.796294, 0.796294, 0.796294, 0.796294, 0.796294, 0.796294, 0.796294, 0.796294, 0.796294, 0.796294, 0.796294, 0.796294, 0.796294, 0.796294, 0.796294, 0.796294, 0.796294, 0.785975, 0.785975, 0.785975, 0.785975, 0.785975, 0.785975, 0.785975, 0.785975, 0.785975, 0.785975, 0.785975, 0.785975, 0.785975, 0.785975, 0.785975, 0.785975, 0.785975, 0.785975, 0.785975, 0.785975, 0.785975, 0.785975, 0.785975, 0.785975, 0.785975, 0.785975, 0.785975, 0.785975, 0.785975, 0.785975, 0.785975, 0.785975, 0.785975, 0.785975, 0.785975, 0.785975, 0.785975, 0.785975, 0.785975, 0.785975, 0.785975, 0.785975, 0.785975, 0.785975, 0.785975, 0.785975, 0.785975, 0.785975, 0.785975, 0.785975, 0.785975, 0.785975, 0.785975, 0.785975, 0.785975, 0.785975, 0.785975, 0.785975, 0.785975, 0.785975, 0.785975, 0.785975, 0.785975, 0.785975, 0.785975, 0.785975, 0.785975, 0.785975, 0.785975, 0.785975, 0.785975, 0.785975, 0.785975, 0.785975, 0.785975, 0.785975, 0.785975, 0.785975, 0.785975, 0.785975, 0.785975, 0.785975, 0.785975, 0.785975, 0.785975, 0.785975, 0.785975, 0.785751, 0.785751, 0.785751, 0.785751, 0.785751, 0.785751, 0.785751, 0.785751, 0.785751, 0.785751, 0.785751, 0.785751, 0.785751, 0.785751, 0.785751, 0.785751, 0.785751, 0.785751, 0.785751, 0.785751, 0.785751, 0.785751, 0.785751, 0.785751, 0.785751, 0.785751, 0.785751, 0.785751, 0.785751, 0.785751, 0.785751, 0.785751, 0.785751, 0.785751, 0.785751, 0.785751, 0.785751, 0.785751, 0.785751, 0.785751, 0.785751, 0.785751, 0.785751, 0.785751, 0.785751, 0.785751, 0.785751, 0.785751, 0.785751, 0.785751, 0.785751, 0.785751, 0.785751, 0.785751, 0.785751, 0.785751, 0.785751, 0.785751, 0.785751, 0.785751, 0.785751, 0.785751, 0.785751, 0.785751, 0.785751, 0.785751, 0.785751, 0.785751, 0.785751, 0.785751, 0.785751, 0.785751, 0.785751, 0.785751, 0.785751, 0.785751, 0.785751, 0.785751, 0.785751, 0.785751, 0.785751, 0.785751, 0.785751, 0.785751, 0.785751, 0.785751, 0.785751, 0.785751, 0.785751, 0.785751, 0.785751, 0.785751, 0.785751, 0.785751, 0.785751, 0.785751, 0.785751, 0.784892, 0.784892, 0.784892, 0.784892, 0.784892, 0.784892, 0.784892, 0.784892, 0.784892, 0.784892, 0.784892, 0.784892, 0.784892, 0.784892, 0.784892, 0.784892, 0.784892, 0.784892, 0.784892, 0.784892, 0.784892, 0.784892, 0.784892, 0.784892, 0.784892, 0.784892, 0.784892, 0.784892, 0.784892, 0.784892, 0.784892, 0.784892, 0.784892, 0.784892, 0.784892, 0.784892, 0.784892, 0.784892, 0.784892, 0.784892, 0.784892, 0.784892, 0.784892, 0.777102, 0.777102, 0.777102, 0.777102, 0.777102, 0.777102, 0.777102, 0.777102, 0.777102, 0.777102, 0.777102, 0.777102, 0.777102, 0.777102, 0.777102, 0.777102, 0.777102, 0.777102, 0.777102, 0.777102, 0.777102, 0.777102, 0.774851, 0.774851, 0.774851, 0.774851, 0.774851, 0.774851, 0.774851, 0.774851, 0.774851, 0.774851, 0.774851, 0.774851, 0.774851, 0.774851, 0.774851, 0.765166, 0.765166, 0.765166, 0.765166, 0.765166, 0.765166, 0.765166, 0.765166, 0.765166, 0.765166, 0.765166, 0.764585, 0.764585, 0.764585, 0.764585, 0.764585, 0.764585, 0.764585, 0.764585, 0.764585, 0.764585, 0.764585, 0.764585, 0.764585, 0.764585, 0.764585, 0.764585, 0.764585, 0.764585, 0.764585, 0.764585, 0.764585, 0.764585, 0.764585, 0.764585, 0.764585, 0.764585, 0.764585, 0.764585, 0.764585, 0.764585, 0.764585, 0.764585, 0.764585, 0.764585, 0.764585, 0.764585, 0.764585, 0.764585, 0.764585, 0.764585, 0.764585, 0.764585, 0.764585, 0.764585, 0.764585, 0.764585, 0.764585, 0.764585, 0.764585, 0.764585, 0.764585, 0.764585, 0.764585, 0.764585, 0.764585, 0.764585, 0.762773, 0.762773, 0.762773, 0.762773, 0.762773, 0.762773, 0.762773, 0.762773, 0.762773, 0.762773, 0.762773, 0.762773, 0.762773, 0.762773, 0.762773, 0.762773, 0.762773, 0.762773, 0.762773, 0.762773, 0.762773, 0.762773, 0.762773, 0.762773, 0.762773, 0.762773, 0.762773, 0.762773, 0.762773, 0.762773, 0.762773, 0.762773, 0.762773, 0.762773, 0.762773, 0.762773, 0.762773, 0.762773, 0.762773, 0.762773, 0.762773, 0.762773, 0.762773, 0.762773, 0.762773, 0.762773, 0.762773, 0.762773, 0.762773, 0.762773, 0.762773, 0.762773, 0.762773, 0.762773, 0.762773, 0.762773, 0.762773, 0.762773, 0.762773, 0.762773, 0.762773, 0.762773, 0.762773, 0.762773, 0.762773, 0.762773, 0.762773, 0.762773, 0.762773, 0.762773, 0.762773, 0.762773, 0.762773, 0.762773, 0.762773, 0.762773, 0.762773, 0.762773, 0.762773, 0.762773, 0.762773, 0.762773, 0.762773, 0.762773, 0.762773, 0.762773, 0.762773, 0.762773, 0.762773, 0.762773, 0.762773, 0.762773, 0.762773, 0.762773, 0.762773, 0.762773, 0.762773, 0.762773, 0.762773, 0.762773, 0.762773, 0.762773, 0.762773, 0.762773, 0.762773, 0.762773, 0.762773, 0.762773, 0.762773, 0.762773, 0.762773, 0.762773, 0.762773, 0.762773, 0.762773, 0.762773, 0.762773, 0.762773, 0.762773, 0.762773, 0.762773, 0.762773, 0.762773, 0.762773, 0.762773, 0.762773, 0.762773, 0.762773, 0.762773, 0.762773, 0.762773, 0.762773, 0.762773, 0.762773, 0.762773, 0.762773, 0.762773, 0.762773, 0.762773, 0.762773, 0.762773, 0.762773, 0.762773, 0.762773, 0.762773, 0.762773, 0.762773, 0.762773, 0.762773, 0.762773, 0.762773, 0.762773, 0.762773, 0.762773, 0.762773, 0.762773, 0.762773, 0.762773, 0.762773, 0.762773, 0.762773, 0.762773, 0.762773, 0.762773, 0.762773, 0.762773, 0.762773, 0.762773, 0.762773, 0.762773, 0.762773, 0.762773, 0.762773, 0.762773, 0.762773, 0.762773, 0.762773, 0.762773, 0.762773, 0.762773, 0.762773, 0.762773, 0.762773, 0.762773, 0.762773, 0.762773, 0.762773, 0.762773, 0.762773, 0.762773, 0.762773, 0.762773, 0.762773, 0.762773, 0.762773, 0.762773, 0.762773, 0.762773, 0.762773, 0.762773, 0.762773, 0.762773, 0.762773, 0.762773, 0.762773, 0.762773, 0.762773, 0.762773, 0.762773, 0.762773, 0.762773, 0.762773, 0.762773, 0.762773, 0.762773, 0.762773, 0.762773, 0.762773, 0.762773, 0.762773, 0.762773, 0.762773, 0.762773, 0.762773, 0.762773, 0.762773, 0.762773, 0.762773, 0.762773, 0.762773, 0.762773, 0.762773, 0.762773, 0.762773, 0.762773, 0.762773, 0.762773, 0.762773, 0.762773, 0.762773, 0.762773, 0.762773, 0.762773, 0.762773, 0.762773, 0.762773, 0.762773, 0.762773, 0.762773, 0.762773, 0.762773, 0.762773, 0.762773, 0.762773, 0.762773, 0.762773, 0.762773, 0.762773, 0.762773, 0.762773, 0.762773, 0.762773, 0.762773, 0.762773, 0.762773, 0.762773, 0.762773, 0.762773, 0.762773, 0.762773, 0.762773, 0.762773, 0.762773, 0.762773, 0.762773, 0.762773, 0.762773, 0.762773, 0.762773, 0.762773, 0.762773, 0.762773, 0.762773, 0.762773, 0.762773, 0.762773, 0.762773, 0.762773, 0.762773, 0.762773, 0.762773, 0.762773, 0.762773, 0.762773, 0.762773, 0.762773, 0.762773, 0.762773, 0.762773, 0.762773, 0.762773, 0.762773, 0.762773, 0.762773, 0.762773, 0.762773, 0.762773, 0.762773, 0.762773, 0.762773, 0.762773, 0.762773, 0.762773, 0.762773, 0.762773, 0.762773, 0.762773, 0.762773, 0.762773, 0.762773, 0.762773, 0.762773, 0.762773, 0.762773, 0.762773, 0.762773, 0.762773, 0.762773, 0.762773, 0.755196, 0.755196, 0.755196, 0.755196, 0.755196, 0.755196, 0.755196, 0.755196, 0.755196, 0.755196, 0.755196, 0.755196, 0.755196, 0.755196, 0.755196, 0.755196, 0.755196, 0.755196, 0.755196, 0.755196, 0.755196, 0.755196, 0.755196, 0.755196, 0.755196, 0.755196, 0.755196, 0.755196, 0.755196, 0.755196, 0.755196, 0.755196, 0.755196, 0.755196, 0.755196, 0.755196, 0.755196, 0.755196, 0.755196, 0.755196, 0.755196, 0.755196, 0.755196, 0.755196]
./data/zoo_set_CONST_20. Problema M.AGGSF (seed 1):   	2014ms	0.839687	31	0.714506

EVOLUCIÓN M.AGGSF
M.AGGSF=[3.04935, 2.66083, 2.62109, 2.62109, 2.62109, 2.62109, 2.59548, 2.59548, 2.59548, 2.59548, 2.394, 2.394, 2.394, 2.394, 2.394, 2.394, 2.394, 2.394, 2.37765, 2.36423, 2.2358, 2.2358, 2.2358, 2.2358, 2.23418, 2.23418, 2.23418, 2.21665, 2.21665, 2.20862, 2.11614, 2.11614, 2.11026, 2.1054, 2.1054, 2.1054, 2.09346, 2.08778, 2.08778, 2.08754, 1.94136, 1.94136, 1.94136, 1.94136, 1.94136, 1.94136, 1.94136, 1.94136, 1.94136, 1.94136, 1.89637, 1.89637, 1.89637, 1.88921, 1.88556, 1.87443, 1.87281, 1.86661, 1.85301, 1.84535, 1.83058, 1.83058, 1.82293, 1.82293, 1.82293, 1.81511, 1.81511, 1.81511, 1.80657, 1.80452, 1.79899, 1.79899, 1.78543, 1.78543, 1.78543, 1.7763, 1.77425, 1.77425, 1.77425, 1.77425, 1.75316, 1.75316, 1.75316, 1.75316, 1.75316, 1.7467, 1.7467, 1.7467, 1.74006, 1.74006, 1.70663, 1.70663, 1.69887, 1.68111, 1.68111, 1.68111, 1.68111, 1.68054, 1.68054, 1.68054, 1.66019, 1.66019, 1.66019, 1.65833, 1.65833, 1.65833, 1.65673, 1.63527, 1.63527, 1.63527, 1.61977, 1.60953, 1.57913, 1.57913, 1.57913, 1.56722, 1.56722, 1.56722, 1.56722, 1.53682, 1.52228, 1.52228, 1.52228, 1.51477, 1.50604, 1.48771, 1.48771, 1.48771, 1.48771, 1.47494, 1.46192, 1.46192, 1.46192, 1.45838, 1.45838, 1.45838, 1.45838, 1.44368, 1.44368, 1.44368, 1.43319, 1.43319, 1.43319, 1.43022, 1.42345, 1.42345, 1.42345, 1.42345, 1.42345, 1.41021, 1.38912, 1.38754, 1.38754, 1.37504, 1.37504, 1.3571, 1.3571, 1.35159, 1.35001, 1.35001, 1.34685, 1.34685, 1.34685, 1.34685, 1.34685, 1.34685, 1.34685, 1.34685, 1.34685, 1.34685, 1.33559, 1.33559, 1.33559, 1.33559, 1.33559, 1.33559, 1.33559, 1.33559, 1.33559, 1.33559, 1.33559, 1.33559, 1.33559, 1.33559, 1.33197, 1.31889, 1.31889, 1.31889, 1.31889, 1.31672, 1.28255, 1.27675, 1.27675, 1.27675, 1.27675, 1.27382, 1.27382, 1.27382, 1.27382, 1.27382, 1.26753, 1.26753, 1.23295, 1.23295, 1.23295, 1.22483, 1.2235, 1.2235, 1.2235, 1.2235, 1.20416, 1.20282, 1.20282, 1.20282, 1.20282, 1.20282, 1.19898, 1.19898, 1.19898, 1.19898, 1.19898, 1.19898, 1.19898, 1.19898, 1.19898, 1.19898, 1.19898, 1.19898, 1.19898, 1.19898, 1.19221, 1.19221, 1.19221, 1.19221, 1.19221, 1.19221, 1.19221, 1.19221, 1.19221, 1.19221, 1.19221, 1.18852, 1.18852, 1.18852, 1.18782, 1.18782, 1.18782, 1.18782, 1.18782, 1.18782, 1.1729, 1.16287, 1.15455, 1.15455, 1.15455, 1.15455, 1.15455, 1.15455, 1.14317, 1.14317, 1.14081, 1.14081, 1.1403, 1.1403, 1.12892, 1.12892, 1.12892, 1.12892, 1.12892, 1.12892, 1.08113, 1.05749, 1.05749, 1.05749, 1.02842, 1.02842, 1.02842, 1.02842, 1.02842, 1.02842, 1.01704, 1.01704, 1.01704, 1.01704, 1.01704, 1.01704, 1.01704, 1.01704, 1.01704, 1.01704, 1.01492, 1.01492, 1.01492, 1.01492, 1.01492, 1.01492, 1.01492, 1.01492, 1.01492, 1.01492, 1.01165, 1.01165, 1.01165, 1.01165, 1.01165, 1.01165, 1.01165, 1.01165, 1.01165, 1.01165, 1.00779, 1.00779, 1.00779, 1.00779, 1.00779, 1.00779, 1.00779, 1.00779, 1.00779, 0.951695, 0.951695, 0.951695, 0.951695, 0.951695, 0.951695, 0.951695, 0.951695, 0.951695, 0.927221, 0.927221, 0.927221, 0.927221, 0.927221, 0.927221, 0.927221, 0.927221, 0.927221, 0.927221, 0.927221, 0.927221, 0.927221, 0.920644, 0.920644, 0.920644, 0.920644, 0.920644, 0.920644, 0.920644, 0.920644, 0.920644, 0.91973, 0.91973, 0.91973, 0.91973, 0.91973, 0.91973, 0.91973, 0.91973, 0.91973, 0.91973, 0.91956, 0.91956, 0.91956, 0.91956, 0.91956, 0.91956, 0.91956, 0.91956, 0.91956, 0.91956, 0.914804, 0.914804, 0.914804, 0.914804, 0.914804, 0.914804, 0.914804, 0.914804, 0.914804, 0.914804, 0.914804, 0.914804, 0.914804, 0.914804, 0.914804, 0.914804, 0.914804, 0.907806, 0.907806, 0.907806, 0.907806, 0.907806, 0.907806, 0.907806, 0.907806, 0.907806, 0.907806, 0.907806, 0.907806, 0.907806, 0.907806, 0.907806, 0.907806, 0.907806, 0.907806, 0.907806, 0.907806, 0.907806, 0.907806, 0.907806, 0.893404, 0.893404, 0.893404, 0.893404, 0.893404, 0.890485, 0.890485, 0.866535, 0.866535, 0.866535, 0.864528, 0.864528, 0.857, 0.857, 0.857, 0.857, 0.857, 0.857, 0.857, 0.857, 0.857, 0.857, 0.857, 0.857, 0.857, 0.857, 0.857, 0.857, 0.857, 0.857, 0.857, 0.857, 0.857, 0.857, 0.857, 0.857, 0.857, 0.857, 0.857, 0.844879, 0.844879, 0.844879, 0.844879, 0.844879, 0.844879, 0.844879, 0.844879, 0.844879, 0.844879, 0.844617, 0.844617, 0.844617, 0.844617, 0.844617, 0.844617, 0.844617, 0.844617, 0.844617, 0.844617, 0.844617, 0.844617, 0.844617, 0.844617, 0.844617, 0.844617, 0.844617, 0.844617, 0.844617, 0.844617, 0.844617, 0.840973, 0.840973, 0.840973, 0.840973, 0.840973, 0.840973, 0.840973, 0.840973, 0.840973, 0.840973, 0.840973, 0.840973, 0.839687, 0.839687, 0.839687, 0.839687, 0.839687, 0.839687, 0.839687, 0.839687, 0.839687, 0.839687, 0.839687, 0.839687, 0.839687, 0.839687, 0.839687, 0.839687, 0.839687, 0.839687, 0.839687, 0.839687, 0.839687, 0.839687, 0.839687, 0.839687, 0.839687, 0.839687, 0.839687, 0.839687, 0.839687, 0.839687, 0.839687, 0.839687, 0.839687, 0.839687, 0.839687, 0.839687, 0.839687, 0.839687, 0.839687, 0.839687, 0.839687, 0.839687, 0.839687, 0.839687, 0.839687, 0.839687, 0.839687, 0.839687, 0.839687, 0.839687, 0.839687, 0.839687, 0.839687, 0.839687, 0.839687, 0.839687, 0.839687, 0.839687, 0.839687, 0.839687, 0.839687, 0.839687, 0.839687, 0.839687, 0.839687, 0.839687, 0.839687, 0.839687, 0.839687, 0.839687, 0.839687, 0.839687, 0.839687, 0.839687, 0.839687, 0.839687, 0.839687, 0.839687, 0.839687, 0.839687, 0.839687, 0.839687, 0.839687, 0.839687, 0.839687, 0.839687, 0.839687, 0.839687, 0.839687, 0.839687, 0.839687, 0.839687, 0.839687, 0.839687, 0.839687, 0.839687, 0.839687, 0.839687, 0.839687, 0.839687, 0.839687, 0.839687, 0.839687, 0.839687, 0.839687, 0.839687, 0.839687, 0.839687, 0.839687, 0.839687, 0.839687, 0.839687, 0.839687, 0.839687, 0.839687, 0.839687, 0.839687, 0.839687, 0.839687, 0.839687, 0.839687, 0.839687, 0.839687, 0.839687, 0.839687, 0.839687, 0.839687, 0.839687, 0.839687, 0.839687, 0.839687, 0.839687, 0.839687, 0.839687, 0.839687, 0.839687, 0.839687, 0.839687, 0.839687, 0.839687, 0.839687, 0.839687, 0.839687, 0.839687, 0.839687, 0.839687, 0.839687, 0.839687, 0.839687, 0.839687, 0.839687, 0.839687, 0.839687, 0.839687, 0.839687, 0.839687, 0.839687, 0.839687, 0.839687, 0.839687, 0.839687, 0.839687, 0.839687, 0.839687, 0.839687, 0.839687, 0.839687, 0.839687, 0.839687, 0.839687, 0.839687, 0.839687, 0.839687, 0.839687, 0.839687, 0.839687, 0.839687, 0.839687, 0.839687, 0.839687, 0.839687, 0.839687, 0.839687, 0.839687, 0.839687, 0.839687, 0.839687, 0.839687, 0.839687, 0.839687, 0.839687, 0.839687, 0.839687, 0.839687, 0.839687, 0.839687, 0.839687, 0.839687, 0.839687, 0.839687, 0.839687, 0.839687, 0.839687, 0.839687, 0.839687, 0.839687, 0.839687, 0.839687, 0.839687, 0.839687, 0.839687, 0.839687, 0.839687, 0.839687, 0.839687, 0.839687, 0.839687, 0.839687, 0.839687, 0.839687, 0.839687, 0.839687, 0.839687, 0.839687, 0.839687, 0.839687, 0.839687, 0.839687, 0.839687, 0.839687, 0.839687, 0.839687, 0.839687, 0.839687, 0.839687, 0.839687, 0.839687, 0.839687, 0.839687, 0.839687, 0.839687, 0.839687, 0.839687, 0.839687, 0.839687, 0.839687, 0.839687, 0.839687, 0.839687, 0.839687, 0.839687, 0.839687, 0.839687, 0.839687, 0.839687, 0.839687, 0.839687, 0.839687, 0.839687, 0.839687, 0.839687, 0.839687, 0.839687, 0.839687, 0.839687, 0.839687, 0.839687, 0.839687, 0.839687, 0.839687, 0.839687, 0.839687, 0.839687, 0.839687, 0.839687, 0.839687, 0.839687, 0.839687, 0.839687, 0.839687, 0.839687, 0.839687, 0.839687, 0.839687, 0.839687, 0.839687, 0.839687, 0.839687, 0.839687, 0.839687, 0.839687, 0.839687, 0.839687, 0.839687, 0.839687, 0.839687, 0.839687, 0.839687, 0.839687, 0.839687, 0.839687, 0.839687, 0.839687, 0.839687, 0.839687, 0.839687, 0.839687, 0.839687, 0.839687, 0.839687, 0.839687, 0.839687, 0.839687, 0.839687, 0.839687, 0.839687, 0.839687, 0.839687, 0.839687, 0.839687, 0.839687, 0.839687, 0.839687, 0.839687, 0.839687, 0.839687, 0.839687, 0.839687, 0.839687, 0.839687, 0.839687, 0.839687, 0.839687, 0.839687, 0.839687, 0.839687, 0.839687, 0.839687, 0.839687, 0.839687, 0.839687, 0.839687, 0.839687, 0.839687, 0.839687, 0.839687, 0.839687, 0.839687, 0.839687, 0.839687, 0.839687, 0.839687, 0.839687, 0.839687, 0.839687, 0.839687, 0.839687, 0.839687, 0.839687, 0.839687, 0.839687, 0.839687, 0.839687, 0.839687, 0.839687, 0.839687, 0.839687, 0.839687, 0.839687, 0.839687, 0.839687, 0.839687, 0.839687, 0.839687, 0.839687, 0.839687, 0.839687, 0.839687, 0.839687, 0.839687, 0.839687, 0.839687, 0.839687, 0.839687, 0.839687, 0.839687, 0.839687, 0.839687, 0.839687, 0.839687, 0.839687, 0.839687, 0.839687, 0.839687, 0.839687, 0.839687, 0.839687, 0.839687, 0.839687, 0.839687, 0.839687, 0.839687, 0.839687, 0.839687, 0.839687, 0.839687, 0.839687, 0.839687, 0.839687, 0.839687, 0.839687, 0.839687, 0.839687, 0.839687, 0.839687, 0.839687, 0.839687, 0.839687, 0.839687, 0.839687, 0.839687, 0.839687, 0.839687, 0.839687, 0.839687, 0.839687, 0.839687, 0.839687, 0.839687, 0.839687, 0.839687, 0.839687, 0.839687, 0.839687, 0.839687, 0.839687, 0.839687, 0.839687, 0.839687, 0.839687, 0.839687, 0.839687, 0.839687, 0.839687, 0.839687, 0.839687, 0.839687, 0.839687, 0.839687, 0.839687, 0.839687, 0.839687, 0.839687, 0.839687, 0.839687, 0.839687, 0.839687, 0.839687, 0.839687, 0.839687, 0.839687, 0.839687, 0.839687, 0.839687, 0.839687, 0.839687, 0.839687, 0.839687, 0.839687, 0.839687, 0.839687, 0.839687, 0.839687, 0.839687, 0.839687, 0.839687, 0.839687, 0.839687, 0.839687, 0.839687, 0.839687, 0.839687, 0.839687, 0.839687, 0.839687, 0.839687, 0.839687, 0.839687, 0.839687, 0.839687, 0.839687, 0.839687, 0.839687, 0.839687, 0.839687, 0.839687, 0.839687, 0.839687, 0.839687, 0.839687, 0.839687, 0.839687, 0.839687, 0.839687, 0.839687, 0.839687, 0.839687, 0.839687, 0.839687, 0.839687, 0.839687, 0.839687, 0.839687, 0.839687, 0.839687, 0.839687, 0.839687, 0.839687, 0.839687, 0.839687, 0.839687, 0.839687, 0.839687, 0.839687, 0.839687, 0.839687, 0.839687, 0.839687, 0.839687, 0.839687, 0.839687, 0.839687, 0.839687, 0.839687, 0.839687, 0.839687, 0.839687, 0.839687, 0.839687, 0.839687, 0.839687, 0.839687, 0.839687, 0.839687, 0.839687, 0.839687, 0.839687, 0.839687, 0.839687, 0.839687, 0.839687, 0.839687, 0.839687, 0.839687, 0.839687, 0.839687, 0.839687, 0.839687, 0.839687, 0.839687, 0.839687, 0.839687, 0.839687, 0.839687, 0.839687, 0.839687, 0.839687, 0.839687, 0.839687, 0.839687, 0.839687, 0.839687, 0.839687, 0.839687, 0.839687, 0.839687, 0.839687, 0.839687, 0.839687, 0.839687, 0.839687, 0.839687, 0.839687, 0.839687, 0.839687, 0.839687, 0.839687, 0.839687, 0.839687, 0.839687, 0.839687, 0.839687, 0.839687, 0.839687, 0.839687, 0.839687, 0.839687, 0.839687, 0.839687, 0.839687, 0.839687, 0.839687, 0.839687, 0.839687, 0.839687, 0.839687, 0.839687, 0.839687, 0.839687, 0.839687, 0.839687, 0.839687, 0.839687, 0.839687, 0.839687, 0.839687, 0.839687, 0.839687, 0.839687, 0.839687, 0.839687, 0.839687, 0.839687, 0.839687, 0.839687, 0.839687, 0.839687, 0.839687, 0.839687, 0.839687, 0.839687, 0.839687, 0.839687, 0.839687, 0.839687, 0.839687, 0.839687, 0.839687, 0.839687, 0.839687, 0.839687, 0.839687, 0.839687, 0.839687, 0.839687, 0.839687, 0.839687, 0.839687, 0.839687, 0.839687, 0.839687, 0.839687, 0.839687, 0.839687, 0.839687, 0.839687, 0.839687, 0.839687, 0.839687, 0.839687, 0.839687, 0.839687, 0.839687, 0.839687, 0.839687, 0.839687, 0.839687, 0.839687, 0.839687, 0.839687, 0.839687, 0.839687, 0.839687, 0.839687, 0.839687, 0.839687, 0.839687, 0.839687, 0.839687, 0.839687, 0.839687, 0.839687, 0.839687, 0.839687, 0.839687, 0.839687, 0.839687, 0.839687, 0.839687, 0.839687, 0.839687, 0.839687, 0.839687, 0.839687, 0.839687, 0.839687, 0.839687, 0.839687, 0.839687, 0.839687, 0.839687, 0.839687, 0.839687, 0.839687, 0.839687, 0.839687, 0.839687, 0.839687, 0.839687, 0.839687, 0.839687, 0.839687, 0.839687, 0.839687, 0.839687, 0.839687, 0.839687, 0.839687, 0.839687, 0.839687, 0.839687, 0.839687, 0.839687, 0.839687, 0.839687, 0.839687, 0.839687, 0.839687, 0.839687, 0.839687, 0.839687, 0.839687, 0.839687, 0.839687, 0.839687, 0.839687, 0.839687, 0.839687, 0.839687, 0.839687, 0.839687, 0.839687, 0.839687, 0.839687, 0.839687, 0.839687, 0.839687, 0.839687, 0.839687, 0.839687, 0.839687, 0.839687, 0.839687, 0.839687, 0.839687, 0.839687, 0.839687, 0.839687, 0.839687, 0.839687, 0.839687, 0.839687, 0.839687, 0.839687, 0.839687, 0.839687, 0.839687, 0.839687, 0.839687, 0.839687, 0.839687, 0.839687, 0.839687, 0.839687, 0.839687, 0.839687, 0.839687, 0.839687, 0.839687, 0.839687, 0.839687, 0.839687, 0.839687, 0.839687, 0.839687, 0.839687, 0.839687, 0.839687, 0.839687, 0.839687, 0.839687, 0.839687, 0.839687, 0.839687, 0.839687, 0.839687, 0.839687, 0.839687, 0.839687, 0.839687, 0.839687, 0.839687, 0.839687, 0.839687, 0.839687, 0.839687, 0.839687, 0.839687, 0.839687, 0.839687, 0.839687, 0.839687, 0.839687, 0.839687, 0.839687, 0.839687, 0.839687, 0.839687, 0.839687, 0.839687, 0.839687, 0.839687, 0.839687, 0.839687, 0.839687, 0.839687, 0.839687, 0.839687, 0.839687, 0.839687, 0.839687, 0.839687, 0.839687, 0.839687, 0.839687, 0.839687, 0.839687, 0.839687, 0.839687, 0.839687, 0.839687, 0.839687, 0.839687, 0.839687, 0.839687, 0.839687, 0.839687, 0.839687, 0.839687, 0.839687, 0.839687, 0.839687, 0.839687, 0.839687, 0.839687, 0.839687, 0.839687, 0.839687, 0.839687, 0.839687, 0.839687, 0.839687, 0.839687, 0.839687, 0.839687, 0.839687, 0.839687, 0.839687, 0.839687, 0.839687, 0.839687, 0.839687, 0.839687, 0.839687, 0.839687, 0.839687, 0.839687, 0.839687, 0.839687]

./data/zoo_set_CONST_10. Problema M.AGGSF (seed 1):   	2305ms	1.12465	34	0.867007
./data/zoo_set_CONST_20. Problema M.AGGSF (seed 1):   	2541ms	0.854532	33	0.721275
